1431555597.58 0 101.638 0.016695 101.638 0.016695 
1431555598.68 0 101.636 0.0124632 101.636 0.0124632 
1431555599.77 0 101.637 0.0127129 101.637 0.0127129 
1431555600.92 0 101.635 0.0132541 101.635 0.0132541 
1431555602.0 0 101.639 0.0135714 101.639 0.0135714 
1431555603.1 0 101.637 0.0141179 101.637 0.0141179 
1431555604.19 0 101.639 0.0135652 101.639 0.0135652 
1431555605.29 0 101.64 0.0134351 101.64 0.0134351 
1431555606.4 0 101.637 0.0132367 101.637 0.0132367 
1431555607.49 0 101.636 0.0125952 101.636 0.0125952 
1431555608.59 0 101.639 0.0127291 101.639 0.0127291 
1431555609.7 0 101.636 0.0126844 101.636 0.0126844 
1431555610.83 0 101.635 0.0129291 101.635 0.0129291 
1431555611.97 0 101.638 0.0132372 101.638 0.0132372 
1431555613.06 0 101.636 0.0136962 101.636 0.0136962 
1431555614.16 0 101.637 0.0137797 101.637 0.0137797 
1431555615.25 0 101.636 0.0124309 101.636 0.0124309 
1431555616.34 0 101.634 0.0160733 101.634 0.0160733 
1431555617.43 0 101.64 0.0148852 101.64 0.0148852 
1431555618.53 0 101.638 0.0132782 101.638 0.0132782 
1431555619.62 0 101.636 0.0141306 101.636 0.0141306 
1431555620.72 0 101.638 0.0130946 101.638 0.0130946 
1431555621.81 0 101.636 0.0124913 101.636 0.0124913 
1431555622.92 0 101.634 0.0113073 101.634 0.0113073 
1431555624.02 0 101.634 0.011808 101.634 0.011808 
1431555625.11 0 101.634 0.0148618 101.634 0.0148618 
1431555626.21 0 101.638 0.0142505 101.638 0.0142505 
1431555627.3 0 101.636 0.0126277 101.636 0.0126277 
1431555628.39 0 101.636 0.0111037 101.636 0.0111037 
1431555629.49 0 101.635 0.0127971 101.635 0.0127971 
1431555630.58 0 101.638 0.0135896 101.638 0.0135896 
1431555631.67 0 101.634 0.0121454 101.634 0.0121454 
1431555632.77 0 101.635 0.0116537 101.635 0.0116537 
1431555633.94 0 101.635 0.0121308 101.635 0.0121308 
1431555635.05 0 101.635 0.0137369 101.635 0.0137369 
1431555636.2 0 101.637 0.0127803 101.637 0.0127803 
1431555637.29 0 101.635 0.0123836 101.635 0.0123836 
1431555638.37 0 101.636 0.0142474 101.636 0.0142474 
1431555639.47 0 101.637 0.0149546 101.637 0.0149546 
1431555640.56 0 101.637 0.0139215 101.637 0.0139215 
1431555641.66 0 101.635 0.0121099 101.635 0.0121099 
1431555642.75 0 101.636 0.0112557 101.636 0.0112557 
1431555643.92 0 101.638 0.0120537 101.638 0.0120537 
1431555645.01 0 101.634 0.0123761 101.634 0.0123761 
1431555646.11 0 101.634 0.012369 101.634 0.012369 
1431555647.2 0 101.637 0.0132506 101.637 0.0132506 
1431555648.29 0 101.636 0.0109334 101.636 0.0109334 
1431555649.39 0 101.638 0.0160392 101.638 0.0160392 
1431555650.48 0 101.637 0.011672 101.637 0.011672 
1431555651.57 0 101.634 0.0119577 101.634 0.0119577 
1431555652.67 0 101.635 0.011537 101.635 0.011537 
1431555653.76 0 101.635 0.0121526 101.635 0.0121526 
1431555654.93 0 101.633 0.0131493 101.633 0.0131493 
1431555656.02 0 101.637 0.011891 101.637 0.011891 
1431555657.11 0 101.636 0.0122356 101.636 0.0122356 
1431555658.21 0 101.635 0.0133875 101.635 0.0133875 
1431555659.3 0 101.636 0.0139827 101.636 0.0139827 
1431555660.39 0 101.635 0.0129713 101.635 0.0129713 
1431555661.49 0 101.637 0.0118458 101.637 0.0118458 
1431555662.63 0 101.636 0.0146271 101.636 0.0146271 
1431555663.74 0 101.634 0.0134212 101.634 0.0134212 
1431555664.91 0 101.636 0.0130308 101.636 0.0130308 
1431555665.99 0 101.636 0.0135043 101.636 0.0135043 
1431555667.08 0 101.634 0.0118149 101.634 0.0118149 
1431555668.18 0 101.637 0.0147714 101.637 0.0147714 
1431555669.27 0 101.637 0.0128783 101.637 0.0128783 
1431555670.36 0 101.636 0.0128191 101.636 0.0128191 
1431555671.46 0 101.638 0.0145728 101.638 0.0145728 
1431555672.56 0 101.638 0.0147944 101.638 0.0147944 
1431555673.65 0 101.636 0.0136269 101.636 0.0136269 
1431555674.74 0 101.637 0.0142668 101.637 0.0142668 
1431555675.91 0 101.636 0.0130181 101.636 0.0130181 
1431555677.0 0 101.637 0.0125974 101.637 0.0125974 
1431555678.1 0 101.636 0.0138764 101.636 0.0138764 
1431555679.19 0 101.635 0.0126355 101.635 0.0126355 
1431555680.29 0 101.636 0.0112974 101.636 0.0112974 
1431555681.38 0 101.632 0.0117943 101.632 0.0117943 
1431555682.48 0 101.635 0.0139317 101.635 0.0139317 
1431555683.57 0 101.635 0.0124172 101.635 0.0124172 
1431555684.66 0 101.634 0.0112536 101.634 0.0112536 
1431555685.76 0 101.631 0.0145656 101.631 0.0145656 
1431555686.98 0 101.636 0.0131689 101.636 0.0131689 
1431555688.07 0 101.634 0.0125566 101.634 0.0125566 
1431555689.15 0 101.634 0.0130394 101.634 0.0130394 
1431555690.25 0 101.637 0.0132657 101.637 0.0132657 
1431555691.34 0 101.638 0.014269 101.638 0.014269 
1431555692.44 0 101.637 0.0125173 101.637 0.0125173 
1431555693.53 0 101.634 0.0127321 101.634 0.0127321 
1431555694.63 0 101.635 0.0119041 101.635 0.0119041 
1431555695.72 0 101.634 0.0114414 101.634 0.0114414 
1431555696.81 0 101.636 0.0136756 101.636 0.0136756 
1431555697.9 0 101.634 0.0130581 101.634 0.0130581 
1431555699.0 0 101.635 0.0120103 101.635 0.0120103 
1431555700.09 0 101.636 0.0126537 101.636 0.0126537 
1431555701.19 0 101.636 0.0141423 101.636 0.0141423 
1431555702.28 0 101.634 0.0124519 101.634 0.0124519 
1431555703.37 0 101.636 0.0117041 101.636 0.0117041 
1431555704.47 0 101.635 0.0125799 101.635 0.0125799 
1431555705.56 0 101.636 0.0120511 101.636 0.0120511 
1431555706.65 0 101.637 0.012649 101.637 0.012649 
1431555707.75 0 101.637 0.0147671 101.637 0.0147671 
1431555708.98 0 101.637 0.0154509 101.637 0.0154509 
1431555710.07 0 101.636 0.0131327 101.636 0.0131327 
1431555711.17 0 101.634 0.0125395 101.634 0.0125395 
1431555712.26 0 101.636 0.0130126 101.636 0.0130126 
1431555713.35 0 101.636 0.0138685 101.636 0.0138685 
1431555714.45 0 101.637 0.0122846 101.637 0.0122846 
1431555715.54 0 101.635 0.0136363 101.635 0.0136363 
1431555716.63 0 101.636 0.0119761 101.636 0.0119761 
1431555717.73 0 101.637 0.0148837 101.637 0.0148837 
1431555718.82 0 101.638 0.0156596 101.638 0.0156596 
1431555719.93 0 101.637 0.0131387 101.637 0.0131387 
1431555721.02 0 101.638 0.0147434 101.638 0.0147434 
1431555722.11 0 101.636 0.0125851 101.636 0.0125851 
1431555723.21 0 101.637 0.0162461 101.637 0.0162461 
1431555724.3 0 101.639 0.0138644 101.639 0.0138644 
1431555725.4 0 101.636 0.012867 101.636 0.012867 
1431555726.49 0 101.636 0.0143551 101.636 0.0143551 
1431555727.58 0 101.639 0.0152488 101.639 0.0152488 
1431555728.68 0 101.637 0.0141726 101.637 0.0141726 
1431555729.77 0 101.634 0.0122555 101.634 0.0122555 
1431555730.92 0 101.638 0.0138882 101.638 0.0138882 
1431555732.02 0 101.637 0.0129067 101.637 0.0129067 
1431555733.1 0 101.639 0.0134708 101.639 0.0134708 
1431555734.19 0 101.638 0.0147798 101.638 0.0147798 
1431555735.29 0 101.638 0.0135111 101.638 0.0135111 
1431555736.38 0 101.636 0.0138768 101.636 0.0138768 
1431555737.47 0 101.634 0.0128789 101.634 0.0128789 
1431555738.57 0 101.634 0.0118167 101.634 0.0118167 
1431555739.71 0 101.636 0.0164773 101.636 0.0164773 
1431555740.82 0 101.638 0.0137392 101.638 0.0137392 
1431555741.97 0 101.636 0.0140868 101.636 0.0140868 
1431555743.06 0 101.634 0.0122806 101.634 0.0122806 
1431555744.15 0 101.635 0.0122154 101.635 0.0122154 
1431555745.25 0 101.634 0.0166379 101.634 0.0166379 
1431555746.34 0 101.637 0.0128608 101.637 0.0128608 
1431555747.43 0 101.635 0.0123593 101.635 0.0123593 
1431555748.53 0 101.635 0.01449 101.635 0.01449 
1431555749.63 0 101.635 0.0136724 101.635 0.0136724 
1431555750.72 0 101.636 0.0130472 101.636 0.0130472 
1431555751.81 0 101.633 0.0140888 101.633 0.0140888 
1431555752.92 0 101.636 0.0145218 101.636 0.0145218 
1431555754.02 0 101.636 0.0128552 101.636 0.0128552 
1431555755.11 0 101.633 0.0125573 101.633 0.0125573 
1431555756.21 0 101.635 0.0133983 101.635 0.0133983 
1431555757.3 0 101.635 0.0131978 101.635 0.0131978 
1431555758.39 0 101.638 0.0135397 101.638 0.0135397 
1431555759.49 0 101.634 0.0142465 101.634 0.0142465 
1431555760.58 0 101.633 0.0153105 101.633 0.0153105 
1431555761.67 0 101.635 0.0141579 101.635 0.0141579 
1431555762.77 0 101.634 0.012358 101.634 0.012358 
1431555763.93 0 101.634 0.0127125 101.634 0.0127125 
1431555765.02 0 101.637 0.0144474 101.637 0.0144474 
1431555766.12 0 101.636 0.0138232 101.636 0.0138232 
1431555767.21 0 101.633 0.0115076 101.633 0.0115076 
1431555768.3 0 101.634 0.012764 101.634 0.012764 
1431555769.4 0 101.633 0.0149985 101.633 0.0149985 
1431555770.49 0 101.635 0.0129926 101.635 0.0129926 
1431555771.59 0 101.636 0.0147864 101.636 0.0147864 
1431555772.67 0 101.635 0.0140942 101.635 0.0140942 
1431555773.76 0 101.634 0.012713 101.634 0.012713 
1431555774.97 0 101.634 0.0130189 101.634 0.0130189 
1431555776.07 0 101.635 0.0128455 101.635 0.0128455 
1431555777.16 0 101.635 0.0131863 101.635 0.0131863 
1431555778.25 0 101.635 0.0130636 101.635 0.0130636 
1431555779.35 0 101.633 0.0133851 101.633 0.0133851 
1431555780.45 0 101.638 0.0152023 101.638 0.0152023 
1431555781.54 0 101.636 0.0148274 101.636 0.0148274 
1431555782.63 0 101.636 0.0127145 101.636 0.0127145 
1431555783.73 0 101.633 0.0123119 101.633 0.0123119 
1431555784.82 0 101.634 0.0138481 101.634 0.0138481 
1431555785.92 0 101.637 0.0141696 101.637 0.0141696 
1431555787.02 0 101.636 0.0117733 101.636 0.0117733 
1431555788.11 0 101.636 0.0124948 101.636 0.0124948 
1431555789.2 0 101.638 0.0156694 101.638 0.0156694 
1431555790.3 0 101.636 0.0142225 101.636 0.0142225 
1431555791.39 0 101.635 0.0141162 101.635 0.0141162 
1431555792.48 0 101.635 0.0132345 101.635 0.0132345 
1431555793.58 0 101.636 0.0121713 101.636 0.0121713 
1431555794.67 0 101.637 0.0146337 101.637 0.0146337 
1431555795.77 0 101.635 0.0124234 101.635 0.0124234 
1431555796.93 0 101.636 0.0116944 101.636 0.0116944 
1431555798.02 0 101.634 0.0164897 101.634 0.0164897 
1431555799.12 0 101.635 0.0136801 101.635 0.0136801 
1431555800.21 0 101.636 0.0135235 101.636 0.0135235 
1431555801.3 0 101.633 0.0115688 101.633 0.0115688 
1431555802.4 0 101.636 0.014788 101.636 0.014788 
1431555803.54 0 101.636 0.0138494 101.636 0.0138494 
1431555804.65 0 101.634 0.0127728 101.634 0.0127728 
1431555805.75 0 101.637 0.0120749 101.637 0.0120749 
1431555806.93 0 101.633 0.0140944 101.633 0.0140944 
1431555808.02 0 101.635 0.0128683 101.635 0.0128683 
1431555809.12 0 101.636 0.013372 101.636 0.013372 
1431555810.21 0 101.634 0.0130822 101.634 0.0130822 
1431555811.31 0 101.636 0.0168294 101.636 0.0168294 
1431555812.4 0 101.631 0.0124348 101.631 0.0124348 
1431555813.49 0 101.635 0.0149404 101.635 0.0149404 
1431555814.59 0 101.637 0.0129057 101.637 0.0129057 
1431555815.68 0 101.637 0.0154045 101.637 0.0154045 
1431555816.77 0 101.635 0.013507 101.635 0.013507 
1431555817.92 0 101.637 0.0138682 101.637 0.0138682 
1431555819.02 0 101.634 0.0130542 101.634 0.0130542 
1431555820.11 0 101.637 0.0139566 101.637 0.0139566 
1431555821.21 0 101.637 0.0133739 101.637 0.0133739 
1431555822.3 0 101.638 0.0140666 101.638 0.0140666 
1431555823.39 0 101.637 0.0143812 101.637 0.0143812 
1431555824.49 0 101.639 0.0145692 101.639 0.0145692 
1431555825.58 0 101.634 0.0137944 101.634 0.0137944 
1431555826.67 0 101.639 0.0142552 101.639 0.0142552 
1431555827.77 0 101.64 0.0143566 101.64 0.0143566 
1431555828.98 0 101.637 0.0136537 101.637 0.0136537 
1431555830.07 0 101.64 0.0138877 101.64 0.0138877 
1431555831.17 0 101.638 0.0136389 101.638 0.0136389 
1431555832.26 0 101.635 0.0140451 101.635 0.0140451 
1431555833.35 0 101.637 0.0135856 101.637 0.0135856 
1431555834.45 0 101.64 0.0145595 101.64 0.0145595 
1431555835.54 0 101.634 0.0127145 101.634 0.0127145 
1431555836.63 0 101.638 0.0154989 101.638 0.0154989 
1431555837.73 0 101.635 0.0132821 101.635 0.0132821 
1431555838.82 0 101.637 0.0149631 101.637 0.0149631 
1431555839.93 0 101.641 0.0171414 101.641 0.0171414 
1431555841.02 0 101.635 0.013663 101.635 0.013663 
1431555842.11 0 101.634 0.0135895 101.634 0.0135895 
1431555843.21 0 101.636 0.0149792 101.636 0.0149792 
1431555844.3 0 101.634 0.0112031 101.634 0.0112031 
1431555845.39 0 101.633 0.0127063 101.633 0.0127063 
1431555846.49 0 101.635 0.0132246 101.635 0.0132246 
1431555847.58 0 101.636 0.0120721 101.636 0.0120721 
1431555848.68 0 101.637 0.012351 101.637 0.012351 
1431555849.77 0 101.635 0.0118585 101.635 0.0118585 
1431555850.92 0 101.638 0.0121631 101.638 0.0121631 
1431555852.02 0 101.639 0.0154974 101.639 0.0154974 
1431555853.11 0 101.64 0.0139351 101.64 0.0139351 
1431555854.2 0 101.637 0.0145985 101.637 0.0145985 
1431555855.3 0 101.637 0.0141298 101.637 0.0141298 
1431555856.39 0 101.637 0.012089 101.637 0.012089 
1431555857.48 0 101.638 0.013229 101.638 0.013229 
1431555858.6 0 101.637 0.0138579 101.637 0.0138579 
1431555859.69 0 101.639 0.0126124 101.639 0.0126124 
1431555860.79 0 101.639 0.0157789 101.639 0.0157789 
1431555861.98 0 101.64 0.0132869 101.64 0.0132869 
1431555863.09 0 101.638 0.0133297 101.638 0.0133297 
1431555864.18 0 101.635 0.0157359 101.635 0.0157359 
1431555865.28 0 101.639 0.0139342 101.639 0.0139342 
1431555866.37 0 101.639 0.0133413 101.639 0.0133413 
1431555867.47 0 101.635 0.0126844 101.635 0.0126844 
1431555868.56 0 101.635 0.0126609 101.635 0.0126609 
1431555869.65 0 101.637 0.0128221 101.637 0.0128221 
1431555870.75 0 101.639 0.0156135 101.639 0.0156135 
1431555871.93 0 101.636 0.0134448 101.636 0.0134448 
1431555873.02 0 101.643 0.0151523 101.643 0.0151523 
1431555874.12 0 101.638 0.0134222 101.638 0.0134222 
1431555875.22 0 101.638 0.0137149 101.638 0.0137149 
1431555876.31 0 101.638 0.0126876 101.638 0.0126876 
1431555877.41 0 101.635 0.0143461 101.635 0.0143461 
1431555878.5 0 101.638 0.0125917 101.638 0.0125917 
1431555879.59 0 101.638 0.0137161 101.638 0.0137161 
1431555880.69 0 101.638 0.0115713 101.638 0.0115713 
1431555881.78 0 101.637 0.0144985 101.637 0.0144985 
1431555882.92 0 101.637 0.0141393 101.637 0.0141393 
1431555884.02 0 101.639 0.0136832 101.639 0.0136832 
1431555885.11 0 101.638 0.0135846 101.638 0.0135846 
1431555886.21 0 101.638 0.0142004 101.638 0.0142004 
1431555887.3 0 101.638 0.0129339 101.638 0.0129339 
1431555888.39 0 101.64 0.0136326 101.64 0.0136326 
1431555889.49 0 101.638 0.0142439 101.638 0.0142439 
1431555890.58 0 101.638 0.0129097 101.638 0.0129097 
1431555891.68 0 101.638 0.014648 101.638 0.014648 
1431555892.78 0 101.639 0.0154377 101.639 0.0154377 
1431555893.93 0 101.638 0.0141771 101.638 0.0141771 
1431555895.02 0 101.638 0.0131777 101.638 0.0131777 
1431555896.12 0 101.637 0.0122388 101.637 0.0122388 
1431555897.26 0 101.637 0.0131391 101.637 0.0131391 
1431555898.38 0 101.639 0.0159526 101.639 0.0159526 
1431555899.47 0 101.638 0.0173699 101.638 0.0173699 
1431555900.56 0 101.636 0.0153831 101.636 0.0153831 
1431555901.66 0 101.636 0.0133313 101.636 0.0133313 
1431555902.75 0 101.638 0.0140042 101.638 0.0140042 
1431555903.93 0 101.639 0.0135324 101.639 0.0135324 
1431555905.02 0 101.637 0.0131072 101.637 0.0131072 
1431555906.12 0 101.637 0.0150135 101.637 0.0150135 
1431555907.21 0 101.638 0.0157949 101.638 0.0157949 
1431555908.31 0 101.639 0.0146552 101.639 0.0146552 
1431555909.4 0 101.638 0.0133147 101.638 0.0133147 
1431555910.49 0 101.641 0.0154739 101.641 0.0154739 
1431555911.59 0 101.637 0.014036 101.637 0.014036 
1431555912.68 0 101.637 0.0125401 101.637 0.0125401 
1431555913.77 0 101.637 0.0120558 101.637 0.0120558 
1431555914.93 0 101.639 0.0156084 101.639 0.0156084 
1431555916.02 0 101.637 0.0142358 101.637 0.0142358 
1431555917.11 0 101.638 0.0133777 101.638 0.0133777 
1431555918.21 0 101.638 0.0137337 101.638 0.0137337 
1431555919.3 0 101.64 0.0131624 101.64 0.0131624 
1431555920.39 0 101.636 0.0127442 101.636 0.0127442 
1431555921.49 0 101.635 0.01426 101.635 0.01426 
1431555922.58 0 101.637 0.0154219 101.637 0.0154219 
1431555923.68 0 101.64 0.0138731 101.64 0.0138731 
1431555924.77 0 101.639 0.0123998 101.639 0.0123998 
1431555925.97 0 101.637 0.0134326 101.637 0.0134326 
1431555927.06 0 101.638 0.0152958 101.638 0.0152958 
1431555928.16 0 101.637 0.0140012 101.637 0.0140012 
1431555929.25 0 101.639 0.0131722 101.639 0.0131722 
1431555930.35 0 101.637 0.0146121 101.637 0.0146121 
1431555931.44 0 101.639 0.0134975 101.639 0.0134975 
1431555932.53 0 101.636 0.0147635 101.636 0.0147635 
1431555933.63 0 101.635 0.0144279 101.635 0.0144279 
1431555934.72 0 101.638 0.0144693 101.638 0.0144693 
1431555935.81 0 101.639 0.0145071 101.639 0.0145071 
1431555936.93 0 101.638 0.0149027 101.638 0.0149027 
1431555938.02 0 101.638 0.0143512 101.638 0.0143512 
1431555939.11 0 101.637 0.0140828 101.637 0.0140828 
1431555940.21 0 101.637 0.0148964 101.637 0.0148964 
1431555941.3 0 101.641 0.0150585 101.641 0.0150585 
1431555942.39 0 101.639 0.0138658 101.639 0.0138658 
1431555943.49 0 101.638 0.0140877 101.638 0.0140877 
1431555944.59 0 101.637 0.0143001 101.637 0.0143001 
1431555945.68 0 101.638 0.0155714 101.638 0.0155714 
1431555946.77 0 101.639 0.0138047 101.639 0.0138047 
1431555947.95 0 101.64 0.0151012 101.64 0.0151012 
1431555949.07 0 101.637 0.0153257 101.637 0.0153257 
1431555950.16 0 101.639 0.0132055 101.639 0.0132055 
1431555951.25 0 101.635 0.0142376 101.635 0.0142376 
1431555952.35 0 101.638 0.013786 101.638 0.013786 
1431555953.44 0 101.639 0.0147272 101.639 0.0147272 
1431555954.54 0 101.639 0.0138575 101.639 0.0138575 
1431555955.63 0 101.637 0.0156588 101.637 0.0156588 
1431555956.72 0 101.638 0.012978 101.638 0.012978 
1431555957.82 0 101.64 0.0144633 101.64 0.0144633 
1431555958.93 0 101.637 0.0135292 101.637 0.0135292 
1431555960.01 0 101.637 0.016852 101.637 0.016852 
1431555961.11 0 101.638 0.0147048 101.638 0.0147048 
1431555962.2 0 101.636 0.0156585 101.636 0.0156585 
1431555963.3 0 101.639 0.016539 101.639 0.016539 
1431555964.39 0 101.639 0.0142686 101.639 0.0142686 
1431555965.48 0 101.636 0.016077 101.636 0.016077 
1431555966.57 0 101.639 0.0162512 101.639 0.0162512 
1431555967.67 0 101.641 0.015778 101.641 0.015778 
1431555968.76 0 101.64 0.0158619 101.64 0.0158619 
1431555969.93 0 101.638 0.0155072 101.638 0.0155072 
1431555971.07 0 101.638 0.0148765 101.638 0.0148765 
1431555972.18 0 101.636 0.0135234 101.636 0.0135234 
1431555973.28 0 101.638 0.0166281 101.638 0.0166281 
1431555974.37 0 101.639 0.0147012 101.639 0.0147012 
1431555975.46 0 101.639 0.0193241 101.639 0.0193241 
1431555976.56 0 101.64 0.0165711 101.64 0.0165711 
1431555977.65 0 101.64 0.0142478 101.64 0.0142478 
1431555978.74 0 101.636 0.0178983 101.636 0.0178983 
1431555979.93 0 101.638 0.0124123 101.638 0.0124123 
1431555981.02 0 101.639 0.0141823 101.639 0.0141823 
1431555982.11 0 101.638 0.0152304 101.638 0.0152304 
1431555983.21 0 101.639 0.0142881 101.639 0.0142881 
1431555984.3 0 101.638 0.0150179 101.638 0.0150179 
1431555985.39 0 101.636 0.0151901 101.636 0.0151901 
1431555986.49 0 101.637 0.0127718 101.637 0.0127718 
1431555987.58 0 101.638 0.0141746 101.638 0.0141746 
1431555988.68 0 101.638 0.0185362 101.638 0.0185362 
1431555989.77 0 101.64 0.0149093 101.64 0.0149093 
1431555990.92 0 101.64 0.013038 101.64 0.013038 
1431555992.0 0 101.637 0.0135431 101.637 0.0135431 
1431555993.1 0 101.637 0.0132109 101.637 0.0132109 
1431555994.21 0 101.637 0.0148445 101.637 0.0148445 
1431555995.33 0 101.636 0.0147458 101.636 0.0147458 
1431555996.47 0 101.639 0.0146924 101.639 0.0146924 
1431555997.58 0 101.636 0.0139896 101.636 0.0139896 
1431555998.68 0 101.636 0.0156383 101.636 0.0156383 
1431555999.77 0 101.638 0.0150304 101.638 0.0150304 
1431556000.92 0 101.636 0.0132088 101.636 0.0132088 
1431556002.0 0 101.637 0.0136955 101.637 0.0136955 
1431556003.1 0 101.636 0.015859 101.636 0.015859 
1431556004.2 0 101.642 0.0165476 101.642 0.0165476 
1431556005.29 0 101.637 0.0157917 101.637 0.0157917 
1431556006.38 0 101.636 0.0165237 101.636 0.0165237 
1431556007.47 0 101.636 0.0156306 101.636 0.0156306 
1431556008.57 0 101.637 0.0149899 101.637 0.0149899 
1431556009.66 0 101.637 0.0166956 101.637 0.0166956 
1431556010.75 0 101.637 0.0162954 101.637 0.0162954 
1431556011.93 0 101.637 0.0152838 101.637 0.0152838 
1431556013.02 0 101.639 0.0155116 101.639 0.0155116 
1431556014.12 0 101.636 0.015004 101.636 0.015004 
1431556015.21 0 101.635 0.0153858 101.635 0.0153858 
1431556016.3 0 101.637 0.016015 101.637 0.016015 
1431556017.4 0 101.636 0.0159416 101.636 0.0159416 
1431556018.49 0 101.636 0.0138218 101.636 0.0138218 
1431556019.63 0 101.639 0.0153918 101.639 0.0153918 
1431556020.75 0 101.638 0.0161815 101.638 0.0161815 
1431556021.93 0 101.637 0.0159987 101.637 0.0159987 
1431556023.02 0 101.639 0.0167928 101.639 0.0167928 
1431556024.12 0 101.636 0.0163976 101.636 0.0163976 
1431556025.21 0 101.634 0.0150128 101.634 0.0150128 
1431556026.3 0 101.638 0.0149789 101.638 0.0149789 
1431556027.4 0 101.637 0.0159535 101.637 0.0159535 
1431556028.49 0 101.64 0.0157826 101.64 0.0157826 
1431556029.58 0 101.637 0.0138085 101.637 0.0138085 
1431556030.68 0 101.636 0.0143622 101.636 0.0143622 
1431556031.77 0 101.639 0.0135458 101.639 0.0135458 
1431556032.92 0 101.637 0.0173298 101.637 0.0173298 
1431556034.02 0 101.632 0.016731 101.632 0.016731 
1431556035.11 0 101.636 0.0158132 101.636 0.0158132 
1431556036.21 0 101.637 0.0158733 101.637 0.0158733 
1431556037.3 0 101.636 0.0169141 101.636 0.0169141 
1431556038.39 0 101.639 0.0143676 101.639 0.0143676 
1431556039.49 0 101.634 0.0176627 101.634 0.0176627 
1431556040.58 0 101.637 0.0154584 101.637 0.0154584 
1431556041.67 0 101.637 0.0133412 101.637 0.0133412 
1431556042.77 0 101.64 0.0154274 101.64 0.0154274 
1431556043.93 0 101.637 0.014786 101.637 0.014786 
1431556045.02 0 101.635 0.0142474 101.635 0.0142474 
1431556046.12 0 101.638 0.0124965 101.638 0.0124965 
1431556047.2 0 101.64 0.0163851 101.64 0.0163851 
1431556048.29 0 101.64 0.0168838 101.64 0.0168838 
1431556049.44 0 101.639 0.0149509 101.639 0.0149509 
1431556050.55 0 101.637 0.0150579 101.637 0.0150579 
1431556051.64 0 101.636 0.0147976 101.636 0.0147976 
1431556052.74 0 101.635 0.0142056 101.635 0.0142056 
1431556053.93 0 101.639 0.0170927 101.639 0.0170927 
1431556055.02 0 101.639 0.0156735 101.639 0.0156735 
1431556056.12 0 101.638 0.0130625 101.638 0.0130625 
1431556057.2 0 101.636 0.0152156 101.636 0.0152156 
1431556058.29 0 101.636 0.0152121 101.636 0.0152121 
1431556059.39 0 101.636 0.0175688 101.636 0.0175688 
1431556060.48 0 101.639 0.0161954 101.639 0.0161954 
1431556061.57 0 101.641 0.0169509 101.641 0.0169509 
1431556062.67 0 101.637 0.0139255 101.637 0.0139255 
1431556063.77 0 101.636 0.0152525 101.636 0.0152525 
1431556064.9 0 101.637 0.0144476 101.637 0.0144476 
1431556065.99 0 101.638 0.0135693 101.638 0.0135693 
1431556067.08 0 101.635 0.0151961 101.635 0.0151961 
1431556068.18 0 101.64 0.0166422 101.64 0.0166422 
1431556069.27 0 101.637 0.0150656 101.637 0.0150656 
1431556070.36 0 101.64 0.0165264 101.64 0.0165264 
1431556071.46 0 101.638 0.015252 101.638 0.015252 
1431556072.56 0 101.638 0.0156718 101.638 0.0156718 
1431556073.7 0 101.639 0.0193506 101.639 0.0193506 
1431556074.81 0 101.637 0.0149945 101.637 0.0149945 
1431556075.95 0 101.639 0.0154427 101.639 0.0154427 
1431556077.05 0 101.638 0.0169293 101.638 0.0169293 
1431556078.14 0 101.636 0.0153729 101.636 0.0153729 
1431556079.23 0 101.636 0.0158956 101.636 0.0158956 
1431556080.33 0 101.638 0.0170318 101.638 0.0170318 
1431556081.42 0 101.637 0.0135939 101.637 0.0135939 
1431556082.52 0 101.634 0.0177288 101.634 0.0177288 
1431556083.61 0 101.638 0.0148295 101.638 0.0148295 
1431556084.7 0 101.641 0.0171998 101.641 0.0171998 
1431556085.8 0 101.637 0.0146257 101.637 0.0146257 
1431556086.93 0 101.639 0.0150756 101.639 0.0150756 
1431556088.02 0 101.639 0.0152835 101.639 0.0152835 
1431556089.11 0 101.636 0.0160428 101.636 0.0160428 
1431556090.21 0 101.638 0.0168395 101.638 0.0168395 
1431556091.31 0 101.638 0.0146931 101.638 0.0146931 
1431556092.39 0 101.64 0.0139987 101.64 0.0139987 
1431556093.49 0 101.64 0.0152146 101.64 0.0152146 
1431556094.59 0 101.638 0.0145397 101.638 0.0145397 
1431556095.68 0 101.638 0.0181284 101.638 0.0181284 
1431556096.77 0 101.637 0.0162759 101.637 0.0162759 
1431556097.92 0 101.639 0.015039 101.639 0.015039 
1431556099.02 0 101.64 0.0167169 101.64 0.0167169 
1431556100.11 0 101.638 0.0164092 101.638 0.0164092 
1431556101.23 0 101.64 0.0147596 101.64 0.0147596 
1431556102.32 0 101.636 0.017812 101.636 0.017812 
1431556103.43 0 101.636 0.0166855 101.636 0.0166855 
1431556104.57 0 101.638 0.0149877 101.638 0.0149877 
1431556105.67 0 101.638 0.0164902 101.638 0.0164902 
1431556106.76 0 101.638 0.0148794 101.638 0.0148794 
1431556107.92 0 101.635 0.016042 101.635 0.016042 
1431556109.02 0 101.634 0.015162 101.634 0.015162 
1431556110.11 0 101.638 0.0150454 101.638 0.0150454 
1431556111.21 0 101.639 0.0132928 101.639 0.0132928 
1431556112.3 0 101.64 0.0157106 101.64 0.0157106 
1431556113.39 0 101.639 0.0153404 101.639 0.0153404 
1431556114.49 0 101.638 0.0169633 101.638 0.0169633 
1431556115.58 0 101.639 0.0155888 101.639 0.0155888 
1431556116.67 0 101.639 0.0146983 101.639 0.0146983 
1431556117.77 0 101.637 0.0187927 101.637 0.0187927 
1431556118.93 0 101.637 0.0130363 101.637 0.0130363 
1431556120.04 0 101.638 0.0149626 101.638 0.0149626 
1431556121.14 0 101.64 0.0154766 101.64 0.0154766 
1431556122.23 0 101.638 0.0159383 101.638 0.0159383 
1431556123.32 0 101.638 0.0143124 101.638 0.0143124 
1431556124.42 0 101.64 0.0143843 101.64 0.0143843 
1431556125.52 0 101.64 0.0155843 101.64 0.0155843 
1431556126.62 0 101.637 0.0152239 101.637 0.0152239 
1431556127.73 0 101.639 0.0155647 101.639 0.0155647 
1431556128.82 0 101.64 0.0144918 101.64 0.0144918 
1431556129.93 0 101.637 0.0159262 101.637 0.0159262 
1431556131.02 0 101.637 0.0134614 101.637 0.0134614 
1431556132.11 0 101.638 0.0153176 101.638 0.0153176 
1431556133.21 0 101.637 0.0147719 101.637 0.0147719 
1431556134.35 0 101.639 0.0167221 101.639 0.0167221 
1431556135.46 0 101.638 0.0170656 101.638 0.0170656 
1431556136.56 0 101.638 0.014556 101.638 0.014556 
1431556137.65 0 101.637 0.0158023 101.637 0.0158023 
1431556138.74 0 101.638 0.0137698 101.638 0.0137698 
1431556139.93 0 101.637 0.0154009 101.637 0.0154009 
1431556141.02 0 101.639 0.0168904 101.639 0.0168904 
1431556142.11 0 101.639 0.0163818 101.639 0.0163818 
1431556143.21 0 101.639 0.0144531 101.639 0.0144531 
1431556144.3 0 101.637 0.014991 101.637 0.014991 
1431556145.39 0 101.638 0.0131488 101.638 0.0131488 
1431556146.49 0 101.638 0.0145294 101.638 0.0145294 
1431556147.58 0 101.641 0.0140553 101.641 0.0140553 
1431556148.68 0 101.64 0.0147785 101.64 0.0147785 
1431556149.77 0 101.638 0.0169572 101.638 0.0169572 
1431556150.92 0 101.635 0.0168579 101.635 0.0168579 
1431556152.02 0 101.637 0.0159504 101.637 0.0159504 
1431556153.11 0 101.639 0.0160194 101.639 0.0160194 
1431556154.2 0 101.637 0.0149306 101.637 0.0149306 
1431556155.3 0 101.637 0.0149985 101.637 0.0149985 
1431556156.39 0 101.637 0.0154132 101.637 0.0154132 
1431556157.48 0 101.637 0.0147749 101.637 0.0147749 
1431556158.58 0 101.64 0.0155723 101.64 0.0155723 
1431556159.67 0 101.637 0.0150253 101.637 0.0150253 
1431556160.77 0 101.636 0.0159689 101.636 0.0159689 
1431556161.98 0 101.641 0.0182606 101.641 0.0182606 
1431556163.09 0 101.64 0.0173113 101.64 0.0173113 
1431556164.18 0 101.639 0.0142075 101.639 0.0142075 
1431556165.28 0 101.639 0.0171374 101.639 0.0171374 
1431556166.37 0 101.638 0.0175141 101.638 0.0175141 
1431556167.46 0 101.64 0.0142078 101.64 0.0142078 
1431556168.56 0 101.639 0.0158824 101.639 0.0158824 
1431556169.65 0 101.64 0.0133562 101.64 0.0133562 
1431556170.75 0 101.639 0.0154743 101.639 0.0154743 
1431556171.93 0 101.639 0.0190518 101.639 0.0190518 
1431556173.02 0 101.637 0.0149693 101.637 0.0149693 
1431556174.12 0 101.639 0.0151812 101.639 0.0151812 
1431556175.21 0 101.634 0.0145835 101.634 0.0145835 
1431556176.31 0 101.634 0.0127253 101.634 0.0127253 
1431556177.4 0 101.633 0.0135643 101.633 0.0135643 
1431556178.49 0 101.643 0.0150517 101.643 0.0150517 
1431556179.59 0 101.639 0.0120283 101.639 0.0120283 
1431556180.68 0 101.654 0.175073 101.654 0.175073 
1431556181.77 0 101.645 0.0124939 101.645 0.0124939 
1431556182.92 0 101.644 0.0145985 101.644 0.0145985 
