V47_20150513223621971076.fits 0 101.637074 0.013559
V47_20150513223651972121.fits 0 101.637667 0.014104
V47_20150513223721973204.fits 0 101.637778 0.015098
V47_20150513223751974230.fits 0 101.637815 0.015467
V47_20150513223821975285.fits 0 101.637393 0.015245
V47_20150513223851976342.fits 0 101.636889 0.015130
V47_20150513223921977407.fits 0 101.637296 0.014895
V47_20150513223951978448.fits 0 101.637222 0.014790
V47_20150513224021979506.fits 0 101.637852 0.014230
V47_20150513224051980556.fits 0 101.638500 0.014533
V47_20150513224121981617.fits 0 101.638963 0.014688
V47_20150513224151982670.fits 0 101.639111 0.014345
V47_20150513224221983728.fits 0 101.637926 0.013209
V47_20150513224251984780.fits 0 101.637179 0.012295
V47_20150513224321985830.fits 0 101.636593 0.011392
V47_20150513224351986898.fits 0 101.635926 0.010731
V47_20150513224421987942.fits 0 101.636296 0.010808
V47_20150513224451988992.fits 0 101.636821 0.010904
V47_20150513224521990049.fits 0 101.636741 0.011180
V47_20150513224551991103.fits 0 101.636852 0.011223
V47_20150513224621992157.fits 0 101.637556 0.011870
V47_20150513224651993216.fits 0 101.637741 0.012276
V47_20150513224721994264.fits 0 101.637607 0.012430
V47_20150513224751995316.fits 0 101.637481 0.012914
V47_20150513224821996382.fits 0 101.637778 0.014349
V47_20150513224851997427.fits 0 101.638370 0.014519
V47_20150513224921998488.fits 0 101.639963 0.015317
V47_20150513224951999532.fits 0 182.556241 140.308409
V47_20150513225022000584.fits 0 221.010333 94.670256
V47_20150513225052001634.fits 0 285.990111 273.698867
V47_20150513225122002690.fits 0 289.183556 310.350389
V47_20150513225152003741.fits 0 288.367111 271.875037
V47_20150513225222004800.fits 0 246.397929 163.539511
V47_20150513225252005857.fits 0 220.714630 100.668500
V47_20150513225322006899.fits 0 186.093519 62.556422
V47_20150513225352007957.fits 0 549.882107 775.116846
V47_20150513225422009005.fits 0 777.051444 1098.853222
V47_20150513225452010055.fits 0 502.964407 700.555741
V47_20150513225522011107.fits 0 423.675148 554.314037
V47_20150513225552012160.fits 0 394.467000 518.162143
V47_20150513225622013210.fits 0 392.382852 531.960593
V47_20150513225652014264.fits 0 338.429963 389.668259
V47_20150513225722015319.fits 0 338.379222 386.811481
V47_20150513225752016369.fits 0 331.808519 397.837815
V47_20150513225822017381.fits 0 260.661000 206.174625
V47_20150513225852018365.fits 0 233.841889 133.716874
V47_20150513225922019357.fits 0 225.216852 115.768693
V47_20150513225952020352.fits 0 210.482444 93.089004
V47_20150513230022021336.fits 0 210.128926 94.287548
V47_20150513230052022335.fits 0 190.113107 57.126518
V47_20150513230122023321.fits 0 179.497407 42.685493
V47_20150513230152024314.fits 0 172.275963 39.388496
V47_20150513230222025314.fits 0 166.749815 31.463659
V47_20150513230252026304.fits 0 160.458370 27.840785
V47_20150513230322027297.fits 0 147.297393 26.509343
V47_20150514103807684579.fits 0 358.989000 21.338400
