 0.0005   285.   -7.069  2.975  0.120  35.46  31.35  28.21  24.23  23.59  31.08  17.89  16.24  
 0.0010   375.   -6.587  3.267  0.122  30.95  26.94  24.01  21.10  20.80  25.14  16.44  15.02  
 0.0020   491.   -6.100  3.551  0.124  28.82  24.60  21.73  18.92  18.55  20.70  15.15  13.94  
 0.0030   585.   -5.789  3.719  0.125  27.96  23.59  20.74  17.63  17.39  18.67  14.31  13.34  
 0.0040   676.   -5.531  3.837  0.126  27.40  22.94  20.12  16.72  16.51  17.21  13.64  12.85  
 0.0050   756.   -5.336  3.933  0.126  26.98  22.50  19.69  16.09  15.91  16.20  13.16  12.51  
 0.0060   840.   -5.152  4.012  0.126  26.56  22.07  19.30  15.51  15.36  15.34  12.72  12.21  
 0.0070   928.   -4.978  4.078  0.127  26.12  21.66  18.93  14.98  14.85  14.64  12.31  11.94  
 0.0080  1010.   -4.832  4.136  0.127  25.68  21.28  18.59  14.55  14.41  14.14  11.97  11.74  
 0.0090  1085.   -4.706  4.187  0.127  25.24  20.90  18.23  14.19  14.04  13.76  11.69  11.59  
 0.0100  1171.   -4.569  4.228  0.127  24.68  20.41  17.79  13.82  13.64  13.38  11.38  11.43  
 0.0120  1520.   -4.052  4.243  0.137  21.96  18.24  15.71  12.49  12.17  11.95  10.34  10.81  
 0.0150  1903.   -3.568  4.246  0.153  19.72  16.53  14.26  11.29  10.94  10.56   9.50  10.06  
 0.0200  1909.   -3.642  4.450  0.139  19.95  16.76  14.47  11.47  11.13  10.79   9.69  10.26  
 0.0300  2246.   -3.311  4.578  0.147  18.27  15.43  13.12  10.70  10.33   9.98   9.19   9.63  
 0.0400  2480.   -3.080  4.644  0.158  16.88  14.57  12.33  10.21   9.81   9.48   8.82   9.12  
 0.0500  2651.   -2.884  4.661  0.173  15.72  13.80  11.70   9.79   9.38   9.06   8.48   8.70  
 0.0600  2759.   -2.755  4.680  0.185  15.00  13.29  11.30   9.51   9.09   8.79   8.24   8.42  
 0.0700  2837.   -2.647  4.688  0.198  14.46  12.87  10.98   9.27   8.84   8.55   8.04   8.19  
 0.0720  2852.   -2.623  4.685  0.202  14.36  12.79  10.91   9.22   8.79   8.50   7.99   8.14  
 0.0750  2872.   -2.591  4.683  0.206  14.21  12.67  10.82   9.15   8.71   8.42   7.92   8.07  
 0.0800  2901.   -2.551  4.689  0.212  14.02  12.52  10.70   9.06   8.62   8.34   7.85   7.99  
 0.0900  2948.   -2.472  4.689  0.225  13.69  12.24  10.48   8.88   8.44   8.16   7.68   7.82  
 0.1000  2989.   -2.397  4.683  0.238  13.38  11.98  10.26   8.70   8.26   7.99   7.53   7.65
