 0.0020   129.   -8.570  3.698  0.105  60.05  54.63  49.68  38.16  34.52  53.62  23.33  20.80  
 0.0030   162.   -8.166  3.868  0.105  55.32  50.15  45.63  34.96  32.46  49.21  22.22  19.81  
 0.0040   193.   -7.867  3.994  0.105  50.68  45.80  41.76  32.14  30.52  45.15  21.28  18.92  
 0.0050   220.   -7.644  4.095  0.105  46.50  41.92  38.30  29.83  28.84  41.71  20.48  18.16  
 0.0060   244.   -7.469  4.180  0.104  42.71  38.43  35.18  27.80  27.34  38.67  19.78  17.49  
 0.0070   265.   -7.328  4.254  0.103  39.29  35.29  32.37  26.02  26.00  35.96  19.16  16.88  
 0.0080   284.   -7.217  4.318  0.103  36.31  32.57  29.93  24.50  24.85  33.65  18.64  16.36  
 0.0090   301.   -7.124  4.376  0.102  33.73  30.22  27.82  23.21  23.85  31.64  18.18  15.91  
 0.0100   322.   -7.015  4.429  0.101  33.05  29.47  27.06  22.74  23.30  30.49  17.91  15.71  
 0.0120   361.   -6.823  4.519  0.100  31.58  27.86  25.46  21.77  22.17  28.16  17.41  15.32  
 0.0150   399.   -6.671  4.634  0.098  30.20  26.35  24.00  20.85  21.14  26.01  16.96  14.97  
 0.0200   473.   -6.401  4.786  0.095  29.24  25.17  22.66  19.89  19.92  23.31  16.18  14.45  
 0.0300   610.   -6.008  5.011  0.090  28.17  23.83  21.17  18.34  18.31  20.04  15.04  13.71  
 0.0400   760.   -5.670  5.179  0.085  27.58  23.15  20.40  17.04  17.11  17.99  14.17  13.13  
 0.0500   931.   -5.353  5.313  0.082  27.09  22.63  19.82  15.94  16.05  16.38  13.38  12.63  
 0.0600  1120.   -5.058  5.418  0.079  26.44  22.03  19.20  15.01  15.13  15.15  12.73  12.27  
 0.0700  1524.   -4.504  5.466  0.081  24.33  20.36  17.60  13.52  13.50  13.44  11.60  11.77  
 0.0720  1712.   -4.278  5.453  0.083  23.11  19.36  16.75  12.97  12.85  12.80  11.16  11.54  
 0.0750  2006.   -3.942  5.411  0.089  21.03  17.80  15.34  12.20  11.92  11.78  10.54  11.06  
 0.0800  2320.   -3.603  5.353  0.099  19.11  16.28  13.89  11.44  11.07  10.82   9.97  10.43  
 0.0900  2622.   -3.275  5.289  0.113  17.02  14.88  12.70  10.73  10.31  10.04   9.42   9.73  
 0.1000  2785.   -3.083  5.247  0.125  15.85  14.09  12.09  10.33   9.89   9.62   9.07   9.31 
