# Name; SpTy; SpTyNum; Teff; Mstar_b15+mesa; Mstar_ll; Mstar_ul; Mstar_b98+mesa; Mstar_b98_ll; Mstar_b98_ul; LogLstar_b15+mesa; LogLstar_ll; LogLstar_ul; LogLstar_b98+mesa; LogLstar_b98_ll; LogLstar_b98_ul
FT Tau;M0;50.0;3898.2856475746157;0.5891377023908904;0.5302142896958486;0.6311896222507183;1.067460691054817;0.9623320581831989;1.1231033379478494;-0.2999848764319676;-0.372079044479558;-0.25227864993002025;0.021602749661290215;-0.05478086509891881;0.06555972676172545
IRAS 04370+2559;M0;50.0;3898.2856475746157;0.5891377023908904;0.5302142896958486;0.6311896222507183;1.067460691054817;0.9623320581831989;1.1231033379478494;-0.2999848764319676;-0.372079044479558;-0.25227864993002025;0.021602749661290215;-0.05478086509891881;0.06555972676172545
FV Tau A;K5;45.0;4209.986541877521;0.8566554419860333;0.790066353182928;0.9420086042572067;1.3995799963552729;1.3003666405405023;1.5701907160483373;-0.03749330018773936;-0.09482153987391083;0.030078316542999778;0.2388896162299796;0.18342833977756517;0.3364058370319936
FY Tau;K5;45.0;4209.986541877521;0.8566554419860333;0.790066353182928;0.9420086042572067;1.3995799963552729;1.3003666405405023;1.5701907160483373;-0.03749330018773936;-0.09482153987391083;0.030078316542999778;0.2388896162299796;0.18342833977756517;0.3364058370319936
HN Tau A;K5;45.0;4209.986541877521;0.8566554419860333;0.790066353182928;0.9420086042572067;1.3995799963552729;1.3003666405405023;1.5701907160483373;-0.03749330018773936;-0.09482153987391083;0.030078316542999778;0.2388896162299796;0.18342833977756517;0.3364058370319936
LkCa 15;K5;45.0;4209.986541877521;0.8566554419860333;0.790066353182928;0.9420086042572067;1.3995799963552729;1.3003666405405023;1.5701907160483373;-0.03749330018773936;-0.09482153987391083;0.030078316542999778;0.2388896162299796;0.18342833977756517;0.3364058370319936
DR Tau;K5;45.0;4209.986541877521;0.8566554419860333;0.790066353182928;0.9420086042572067;1.3995799963552729;1.3003666405405023;1.5701907160483373;-0.03749330018773936;-0.09482153987391083;0.030078316542999778;0.2388896162299796;0.18342833977756517;0.3364058370319936
DS Tau;K5;45.0;4209.986541877521;0.8566554419860333;0.790066353182928;0.9420086042572067;1.3995799963552729;1.3003666405405023;1.5701907160483373;-0.03749330018773936;-0.09482153987391083;0.030078316542999778;0.2388896162299796;0.18342833977756517;0.3364058370319936
RW Aur B;K5;45.0;4209.986541877521;0.8566554419860333;0.790066353182928;0.9420086042572067;1.3995799963552729;1.3003666405405023;1.5701907160483373;-0.03749330018773936;-0.09482153987391083;0.030078316542999778;0.2388896162299796;0.18342833977756517;0.3364058370319936
IRAS 04260+2642;K5.5;45.5;4140.645154218775;0.790066353182928;0.7404420799168572;0.8566554419860333;1.3003666405405023;1.2407590697208686;1.3995799963552729;-0.09482153987391083;-0.1405879739139332;-0.03749330018773936;0.18342833977756517;0.14887845320022094;0.2388896162299796
FV Tau B;K6;46.0;4085.80991701806;0.7404420799168572;0.7057241257428508;0.790066353182928;1.2407590697208686;1.203456863579334;1.3003666405405023;-0.1405879739139332;-0.17434058227390498;-0.09482153987391083;0.14887845320022094;0.12537529302627734;0.18342833977756517
DG Tau;K6;46.0;4085.80991701806;0.7404420799168572;0.7057241257428508;0.790066353182928;1.2407590697208686;1.203456863579334;1.3003666405405023;-0.1405879739139332;-0.17434058227390498;-0.09482153987391083;0.14887845320022094;0.12537529302627734;0.18342833977756517
JH 112 A;K6;46.0;4085.80991701806;0.7404420799168572;0.7057241257428508;0.790066353182928;1.2407590697208686;1.203456863579334;1.3003666405405023;-0.1405879739139332;-0.17434058227390498;-0.09482153987391083;0.14887845320022094;0.12537529302627734;0.18342833977756517
HV Tau C;K6;46.0;4085.80991701806;0.7404420799168572;0.7057241257428508;0.790066353182928;1.2407590697208686;1.203456863579334;1.3003666405405023;-0.1405879739139332;-0.17434058227390498;-0.09482153987391083;0.14887845320022094;0.12537529302627734;0.18342833977756517
GG Tau Aab;K7;47.0;4020.370093296445;0.6845331650716551;0.6749813781783758;0.7057241257428508;1.1813762459562396;1.1713897169172365;1.203456863579334;-0.1957044327282377;-0.2055332170275423;-0.17434058227390498;0.11026487053095757;0.10307295866781706;0.12537529302627734
BP Tau;K7;47.0;4020.370093296445;0.6845331650716551;0.6749813781783758;0.7057241257428508;1.1813762459562396;1.1713897169172365;1.203456863579334;-0.1957044327282377;-0.2055332170275423;-0.17434058227390498;0.11026487053095757;0.10307295866781706;0.12537529302627734
V807 Tau A;K7;47.0;4020.370093296445;0.6845331650716551;0.6749813781783758;0.7057241257428508;1.1813762459562396;1.1713897169172365;1.203456863579334;-0.1957044327282377;-0.2055332170275423;-0.17434058227390498;0.11026487053095757;0.10307295866781706;0.12537529302627734
GI Tau;K7;47.0;4020.370093296445;0.6845331650716551;0.6749813781783758;0.7057241257428508;1.1813762459562396;1.1713897169172365;1.203456863579334;-0.1957044327282377;-0.2055332170275423;-0.17434058227390498;0.11026487053095757;0.10307295866781706;0.12537529302627734
GK Tau;K7;47.0;4020.370093296445;0.6845331650716551;0.6749813781783758;0.7057241257428508;1.1813762459562396;1.1713897169172365;1.203456863579334;-0.1957044327282377;-0.2055332170275423;-0.17434058227390498;0.11026487053095757;0.10307295866781706;0.12537529302627734
DL Tau;K7;47.0;4020.370093296445;0.6845331650716551;0.6749813781783758;0.7057241257428508;1.1813762459562396;1.1713897169172365;1.203456863579334;-0.1957044327282377;-0.2055332170275423;-0.17434058227390498;0.11026487053095757;0.10307295866781706;0.12537529302627734
CI Tau;K7;47.0;4020.370093296445;0.6845331650716551;0.6749813781783758;0.7057241257428508;1.1813762459562396;1.1713897169172365;1.203456863579334;-0.1957044327282377;-0.2055332170275423;-0.17434058227390498;0.11026487053095757;0.10307295866781706;0.12537529302627734
AA Tau;K7;47.0;4020.370093296445;0.6845331650716551;0.6749813781783758;0.7057241257428508;1.1813762459562396;1.1713897169172365;1.203456863579334;-0.1957044327282377;-0.2055332170275423;-0.17434058227390498;0.11026487053095757;0.10307295866781706;0.12537529302627734
V955 Tau A;K7;47.0;4020.370093296445;0.6845331650716551;0.6749813781783758;0.7057241257428508;1.1813762459562396;1.1713897169172365;1.203456863579334;-0.1957044327282377;-0.2055332170275423;-0.17434058227390498;0.11026487053095757;0.10307295866781706;0.12537529302627734
V836 Tau;K7;47.0;4020.370093296445;0.6845331650716551;0.6749813781783758;0.7057241257428508;1.1813762459562396;1.1713897169172365;1.203456863579334;-0.1957044327282377;-0.2055332170275423;-0.17434058227390498;0.11026487053095757;0.10307295866781706;0.12537529302627734
DK Tau A;K8;48.0;4004.260737194546;0.6712994276708467;0.6669439393242416;0.6749813781783758;1.1675145585723559;1.1629042534113994;1.1713897169172365;-0.20935590978572205;-0.21390264361317085;-0.2055332170275423;0.10021880476698816;0.0967764348464307;0.10307295866781706
CIDA 9 A;K8;48.0;4004.260737194546;0.6712994276708467;0.6669439393242416;0.6749813781783758;1.1675145585723559;1.1629042534113994;1.1713897169172365;-0.20935590978572205;-0.21390264361317085;-0.2055332170275423;0.10021880476698816;0.0967764348464307;0.10307295866781706
DQ Tau AB;M0;50.0;3898.2856475746157;0.5891377023908904;0.5302142896958486;0.6311896222507183;1.067460691054817;0.9623320581831989;1.1231033379478494;-0.2999848764319676;-0.372079044479558;-0.25227864993002025;0.021602749661290215;-0.05478086509891881;0.06555972676172545
FM Tau;M0;50.0;3898.2856475746157;0.5891377023908904;0.5302142896958486;0.6311896222507183;1.067460691054817;0.9623320581831989;1.1231033379478494;-0.2999848764319676;-0.372079044479558;-0.25227864993002025;0.021602749661290215;-0.05478086509891881;0.06555972676172545
V410 X-ray 2;M0;50.0;3898.2856475746157;0.5891377023908904;0.5302142896958486;0.6311896222507183;1.067460691054817;0.9623320581831989;1.1231033379478494;-0.2999848764319676;-0.372079044479558;-0.25227864993002025;0.021602749661290215;-0.05478086509891881;0.06555972676172545
FS Tau A;M0;50.0;3898.2856475746157;0.5891377023908904;0.5302142896958486;0.6311896222507183;1.067460691054817;0.9623320581831989;1.1231033379478494;-0.2999848764319676;-0.372079044479558;-0.25227864993002025;0.021602749661290215;-0.05478086509891881;0.06555972676172545
IP Tau;M0;50.0;3898.2856475746157;0.5891377023908904;0.5302142896958486;0.6311896222507183;1.067460691054817;0.9623320581831989;1.1231033379478494;-0.2999848764319676;-0.372079044479558;-0.25227864993002025;0.021602749661290215;-0.05478086509891881;0.06555972676172545
Haro 6-13;M0;50.0;3898.2856475746157;0.5891377023908904;0.5302142896958486;0.6311896222507183;1.067460691054817;0.9623320581831989;1.1231033379478494;-0.2999848764319676;-0.372079044479558;-0.25227864993002025;0.021602749661290215;-0.05478086509891881;0.06555972676172545
FZ Tau;M0;50.0;3898.2856475746157;0.5891377023908904;0.5302142896958486;0.6311896222507183;1.067460691054817;0.9623320581831989;1.1231033379478494;-0.2999848764319676;-0.372079044479558;-0.25227864993002025;0.021602749661290215;-0.05478086509891881;0.06555972676172545
IRAS 04301+2608;M0;50.0;3898.2856475746157;0.5891377023908904;0.5302142896958486;0.6311896222507183;1.067460691054817;0.9623320581831989;1.1231033379478494;-0.2999848764319676;-0.372079044479558;-0.25227864993002025;0.021602749661290215;-0.05478086509891881;0.06555972676172545
IS Tau A;M0;50.0;3898.2856475746157;0.5891377023908904;0.5302142896958486;0.6311896222507183;1.067460691054817;0.9623320581831989;1.1231033379478494;-0.2999848764319676;-0.372079044479558;-0.25227864993002025;0.021602749661290215;-0.05478086509891881;0.06555972676172545
DN Tau;M0;50.0;3898.2856475746157;0.5891377023908904;0.5302142896958486;0.6311896222507183;1.067460691054817;0.9623320581831989;1.1231033379478494;-0.2999848764319676;-0.372079044479558;-0.25227864993002025;0.021602749661290215;-0.05478086509891881;0.06555972676172545
DO Tau;M0;50.0;3898.2856475746157;0.5891377023908904;0.5302142896958486;0.6311896222507183;1.067460691054817;0.9623320581831989;1.1231033379478494;-0.2999848764319676;-0.372079044479558;-0.25227864993002025;0.021602749661290215;-0.05478086509891881;0.06555972676172545
IRAS 04385+2550;M0;50.0;3898.2856475746157;0.5891377023908904;0.5302142896958486;0.6311896222507183;1.067460691054817;0.9623320581831989;1.1231033379478494;-0.2999848764319676;-0.372079044479558;-0.25227864993002025;0.021602749661290215;-0.05478086509891881;0.06555972676172545
GO Tau;M0;50.0;3898.2856475746157;0.5891377023908904;0.5302142896958486;0.6311896222507183;1.067460691054817;0.9623320581831989;1.1231033379478494;-0.2999848764319676;-0.372079044479558;-0.25227864993002025;0.021602749661290215;-0.05478086509891881;0.06555972676172545
UY Aur A;M0;50.0;3898.2856475746157;0.5891377023908904;0.5302142896958486;0.6311896222507183;1.067460691054817;0.9623320581831989;1.1231033379478494;-0.2999848764319676;-0.372079044479558;-0.25227864993002025;0.021602749661290215;-0.05478086509891881;0.06555972676172545
IQ Tau;M0.5;50.5;3815.155234553037;0.5302142896958486;0.4692901223702454;0.5891377023908904;0.9623320581831989;0.8227769632362544;1.067460691054817;-0.372079044479558;-0.45400399419814497;-0.2999848764319676;-0.05478086509891881;-0.15458091991776285;0.021602749661290215
HK Tau A;M0.5;50.5;3815.155234553037;0.5302142896958486;0.4692901223702454;0.5891377023908904;0.9623320581831989;0.8227769632362544;1.067460691054817;-0.372079044479558;-0.45400399419814497;-0.2999848764319676;-0.05478086509891881;-0.15458091991776285;0.021602749661290215
V710 Tau A;M0.5;50.5;3815.155234553037;0.5302142896958486;0.4692901223702454;0.5891377023908904;0.9623320581831989;0.8227769632362544;1.067460691054817;-0.372079044479558;-0.45400399419814497;-0.2999848764319676;-0.05478086509891881;-0.15458091991776285;0.021602749661290215
HO Tau;M0.5;50.5;3815.155234553037;0.5302142896958486;0.4692901223702454;0.5891377023908904;0.9623320581831989;0.8227769632362544;1.067460691054817;-0.372079044479558;-0.45400399419814497;-0.2999848764319676;-0.05478086509891881;-0.15458091991776285;0.021602749661290215
UZ Tau Eab;M1;51.0;3721.9007291203648;0.4692901223702454;0.4179267705409381;0.5302142896958486;0.8227769632362544;0.6893764146037984;0.9623320581831989;-0.45400399419814497;-0.5297718855711128;-0.372079044479558;-0.15458091991776285;-0.2576315050202225;-0.05478086509891881
J04202144+2813491;M1;51.0;3721.9007291203648;0.4692901223702454;0.4179267705409381;0.5302142896958486;0.8227769632362544;0.6893764146037984;0.9623320581831989;-0.45400399419814497;-0.5297718855711128;-0.372079044479558;-0.15458091991776285;-0.2576315050202225;-0.05478086509891881
DE Tau;M1;51.0;3721.9007291203648;0.4692901223702454;0.4179267705409381;0.5302142896958486;0.8227769632362544;0.6893764146037984;0.9623320581831989;-0.45400399419814497;-0.5297718855711128;-0.372079044479558;-0.15458091991776285;-0.2576315050202225;-0.05478086509891881
IRAS 04196+2638;M1;51.0;3721.9007291203648;0.4692901223702454;0.4179267705409381;0.5302142896958486;0.8227769632362544;0.6893764146037984;0.9623320581831989;-0.45400399419814497;-0.5297718855711128;-0.372079044479558;-0.15458091991776285;-0.2576315050202225;-0.05478086509891881
DH Tau A;M1;51.0;3721.9007291203648;0.4692901223702454;0.4179267705409381;0.5302142896958486;0.8227769632362544;0.6893764146037984;0.9623320581831989;-0.45400399419814497;-0.5297718855711128;-0.372079044479558;-0.15458091991776285;-0.2576315050202225;-0.05478086509891881
FX Tau A;M1;51.0;3721.9007291203648;0.4692901223702454;0.4179267705409381;0.5302142896958486;0.8227769632362544;0.6893764146037984;0.9623320581831989;-0.45400399419814497;-0.5297718855711128;-0.372079044479558;-0.15458091991776285;-0.2576315050202225;-0.05478086509891881
J04333278+1800436;M1;51.0;3721.9007291203648;0.4692901223702454;0.4179267705409381;0.5302142896958486;0.8227769632362544;0.6893764146037984;0.9623320581831989;-0.45400399419814497;-0.5297718855711128;-0.372079044479558;-0.15458091991776285;-0.2576315050202225;-0.05478086509891881
DM Tau;M1;51.0;3721.9007291203648;0.4692901223702454;0.4179267705409381;0.5302142896958486;0.8227769632362544;0.6893764146037984;0.9623320581831989;-0.45400399419814497;-0.5297718855711128;-0.372079044479558;-0.15458091991776285;-0.2576315050202225;-0.05478086509891881
Haro 6-37 C;M1;51.0;3721.9007291203648;0.4692901223702454;0.4179267705409381;0.5302142896958486;0.8227769632362544;0.6893764146037984;0.9623320581831989;-0.45400399419814497;-0.5297718855711128;-0.372079044479558;-0.15458091991776285;-0.2576315050202225;-0.05478086509891881
IRAS 04125+2902;M1.25;51.25;3677.976683268039;0.44231615277258596;0.39567898141792224;0.49901295363581655;0.7537945516521791;0.6302232734263143;0.8942077128178032;-0.49297731715209747;-0.5646928272675057;-0.41302643008257534;-0.20639162771043787;-0.30820737786213126;-0.10304437380751624
CoKu Tau/4 AB;M1.5;51.5;3636.7616585078304;0.4179267705409381;0.37518607504751167;0.4692901223702454;0.6893764146037984;0.5766404783854757;0.8227769632362544;-0.5297718855711128;-0.5980552353950175;-0.45400399419814497;-0.2576315050202225;-0.35817521777748285;-0.15458091991776285
CY Tau;M1.5;51.5;3636.7616585078304;0.4179267705409381;0.37518607504751167;0.4692901223702454;0.6893764146037984;0.5766404783854757;0.8227769632362544;-0.5297718855711128;-0.5980552353950175;-0.45400399419814497;-0.2576315050202225;-0.35817521777748285;-0.15458091991776285
V409 Tau;M1.5;51.5;3636.7616585078304;0.4179267705409381;0.37518607504751167;0.4692901223702454;0.6893764146037984;0.5766404783854757;0.8227769632362544;-0.5297718855711128;-0.5980552353950175;-0.45400399419814497;-0.2576315050202225;-0.35817521777748285;-0.15458091991776285
J04333905+2227207;M1.75;51.75;3597.869298215609;0.39567898141792224;0.35596376285188;0.44231615277258596;0.6302232734263143;0.5282506221323939;0.7537945516521791;-0.5646928272675057;-0.6304282200988759;-0.49297731715209747;-0.30820737786213126;-0.4080974208169692;-0.20639162771043787
DF Tau AB;M2;52.0;3560.913245767245;0.37518607504751167;0.3370216881412584;0.4179267705409381;0.5766404783854757;0.48273768741819073;0.6893764146037984;-0.5980552353950175;-0.6633790699176823;-0.5297718855711128;-0.35817521777748285;-0.46026309908455504;-0.2576315050202225
IRAS 04200+2759;M2;52.0;3560.913245767245;0.37518607504751167;0.3370216881412584;0.4179267705409381;0.5766404783854757;0.48273768741819073;0.6893764146037984;-0.5980552353950175;-0.6633790699176823;-0.5297718855711128;-0.35817521777748285;-0.46026309908455504;-0.2576315050202225
XZ Tau A;M2;52.0;3560.913245767245;0.37518607504751167;0.3370216881412584;0.4179267705409381;0.5766404783854757;0.48273768741819073;0.6893764146037984;-0.5980552353950175;-0.6633790699176823;-0.5297718855711128;-0.35817521777748285;-0.46026309908455504;-0.2576315050202225
HK Tau B;M2;52.0;3560.913245767245;0.37518607504751167;0.3370216881412584;0.4179267705409381;0.5766404783854757;0.48273768741819073;0.6893764146037984;-0.5980552353950175;-0.6633790699176823;-0.5297718855711128;-0.35817521777748285;-0.46026309908455504;-0.2576315050202225
UZ Tau Wa;M2;52.0;3560.913245767245;0.37518607504751167;0.3370216881412584;0.4179267705409381;0.5766404783854757;0.48273768741819073;0.6893764146037984;-0.5980552353950175;-0.6633790699176823;-0.5297718855711128;-0.35817521777748285;-0.46026309908455504;-0.2576315050202225
GH Tau A;M2;52.0;3560.913245767245;0.37518607504751167;0.3370216881412584;0.4179267705409381;0.5766404783854757;0.48273768741819073;0.6893764146037984;-0.5980552353950175;-0.6633790699176823;-0.5297718855711128;-0.35817521777748285;-0.46026309908455504;-0.2576315050202225
Haro 6-28 A;M2;52.0;3560.913245767245;0.37518607504751167;0.3370216881412584;0.4179267705409381;0.5766404783854757;0.48273768741819073;0.6893764146037984;-0.5980552353950175;-0.6633790699176823;-0.5297718855711128;-0.35817521777748285;-0.46026309908455504;-0.2576315050202225
MHO 2 AB;M2.5;52.5;3489.109397997584;0.3370216881412584;0.2959744281207178;0.37518607504751167;0.48273768741819073;0.39202530572341043;0.5766404783854757;-0.6633790699176823;-0.7384457574401176;-0.5980552353950175;-0.46026309908455504;-0.583680694012902;-0.35817521777748285
MHO 1;M2.5;52.5;3489.109397997584;0.3370216881412584;0.2959744281207178;0.37518607504751167;0.48273768741819073;0.39202530572341043;0.5766404783854757;-0.6633790699176823;-0.7384457574401176;-0.5980552353950175;-0.46026309908455504;-0.583680694012902;-0.35817521777748285
CX Tau;M2.5;52.5;3489.109397997584;0.3370216881412584;0.2959744281207178;0.37518607504751167;0.48273768741819073;0.39202530572341043;0.5766404783854757;-0.6633790699176823;-0.7384457574401176;-0.5980552353950175;-0.46026309908455504;-0.583680694012902;-0.35817521777748285
GN Tau A;M2.5;52.5;3489.109397997584;0.3370216881412584;0.2959744281207178;0.37518607504751167;0.48273768741819073;0.39202530572341043;0.5766404783854757;-0.6633790699176823;-0.7384457574401176;-0.5980552353950175;-0.46026309908455504;-0.583680694012902;-0.35817521777748285
IRAS 04429+1550;M2.5;52.5;3489.109397997584;0.3370216881412584;0.2959744281207178;0.37518607504751167;0.48273768741819073;0.39202530572341043;0.5766404783854757;-0.6633790699176823;-0.7384457574401176;-0.5980552353950175;-0.46026309908455504;-0.583680694012902;-0.35817521777748285
UY Aur B;M2.5;52.5;3489.109397997584;0.3370216881412584;0.2959744281207178;0.37518607504751167;0.48273768741819073;0.39202530572341043;0.5766404783854757;-0.6633790699176823;-0.7384457574401176;-0.5980552353950175;-0.46026309908455504;-0.583680694012902;-0.35817521777748285
FQ Tau A;M3;53.0;3407.4830626659;0.2959744281207178;0.24733031605952066;0.3370216881412584;0.39202530572341043;0.29894230683564493;0.48273768741819073;-0.7384457574401176;-0.8339091163697151;-0.6633790699176823;-0.583680694012902;-0.7483911496985639;-0.46026309908455504
XEST 13-010;M3;53.0;3407.4830626659;0.2959744281207178;0.24733031605952066;0.3370216881412584;0.39202530572341043;0.29894230683564493;0.48273768741819073;-0.7384457574401176;-0.8339091163697151;-0.6633790699176823;-0.583680694012902;-0.7483911496985639;-0.46026309908455504
UZ Tau Wb;M3;53.0;3407.4830626659;0.2959744281207178;0.24733031605952066;0.3370216881412584;0.39202530572341043;0.29894230683564493;0.48273768741819073;-0.7384457574401176;-0.8339091163697151;-0.6633790699176823;-0.583680694012902;-0.7483911496985639;-0.46026309908455504
FO Tau A;M3.5;53.5;3305.0022850288105;0.24733031605952066;0.19585746109714375;0.2959744281207178;0.29894230683564493;0.2156343179039689;0.39202530572341043;-0.8339091163697151;-0.9424559039945376;-0.7384457574401176;-0.7483911496985639;-0.9430598362362304;-0.583680694012902
DD Tau A;M3.5;53.5;3305.0022850288105;0.24733031605952066;0.19585746109714375;0.2959744281207178;0.29894230683564493;0.2156343179039689;0.39202530572341043;-0.8339091163697151;-0.9424559039945376;-0.7384457574401176;-0.7483911496985639;-0.9430598362362304;-0.583680694012902
DD Tau B;M3.5;53.5;3305.0022850288105;0.24733031605952066;0.19585746109714375;0.2959744281207178;0.29894230683564493;0.2156343179039689;0.39202530572341043;-0.8339091163697151;-0.9424559039945376;-0.7384457574401176;-0.7483911496985639;-0.9430598362362304;-0.583680694012902
CIDA 8;M3.5;53.5;3305.0022850288105;0.24733031605952066;0.19585746109714375;0.2959744281207178;0.29894230683564493;0.2156343179039689;0.39202530572341043;-0.8339091163697151;-0.9424559039945376;-0.7384457574401176;-0.7483911496985639;-0.9430598362362304;-0.583680694012902
J04153916+2818586;M3.75;53.75;3248.42002050427;0.2215678529661736;0.170836351062716;0.27241627820900904;0.25550822062045825;0.17955084477943314;0.34504182346127577;-0.8871991556527611;-1.0021499878485252;-0.7838091233309995;-0.8433901450409964;-1.0441378939471389;-0.6609807964595122
J04334171+1750402;M4;54.0;3190.596461133123;0.19585746109714375;0.14709302961025053;0.24733031605952066;0.2156343179039689;0.14712715803662454;0.29894230683564493;-0.9424559039945376;-1.069990994015823;-0.8339091163697151;-0.9430598362362304;-1.1431051173232836;-0.7483911496985639
IT Tau B;M4;54.0;3190.596461133123;0.19585746109714375;0.14709302961025053;0.24733031605952066;0.2156343179039689;0.14712715803662454;0.29894230683564493;-0.9424559039945376;-1.069990994015823;-0.8339091163697151;-0.9430598362362304;-1.1431051173232836;-0.7483911496985639
XEST 26-062;M4;54.0;3190.596461133123;0.19585746109714375;0.14709302961025053;0.24733031605952066;0.2156343179039689;0.14712715803662454;0.29894230683564493;-0.9424559039945376;-1.069990994015823;-0.8339091163697151;-0.9430598362362304;-1.1431051173232836;-0.7483911496985639
J04385859+2336351;M4.25;54.25;3133.2715736334144;0.170836351062716;0.125211961437132;0.2215678529661736;0.17955084477943314;0.11820020228097411;0.25550822062045825;-1.0021499878485252;-1.147079443105229;-0.8871991556527611;-1.0441378939471389;-1.2366482075260692;-0.8433901450409964
MHO 6;M4.75;54.75;3027.0776811204896;0.125211961437132;0.0893405954374648;0.170836351062716;0.11820020228097411;0.07731939957733325;0.17955084477943314;-1.147079443105229;-1.3158979703011662;-1.0021499878485252;-1.2366482075260692;-1.4263412006887204;-1.0441378939471389
J04334465+2615005;M4.75;54.75;3027.0776811204896;0.125211961437132;0.0893405954374648;0.170836351062716;0.11820020228097411;0.07731939957733325;0.17955084477943314;-1.147079443105229;-1.3158979703011662;-1.0021499878485252;-1.2366482075260692;-1.4263412006887204;-1.0441378939471389
CIDA 7;M4.75;54.75;3027.0776811204896;0.125211961437132;0.0893405954374648;0.170836351062716;0.11820020228097411;0.07731939957733325;0.17955084477943314;-1.147079443105229;-1.3158979703011662;-1.0021499878485252;-1.2366482075260692;-1.4263412006887204;-1.0441378939471389
FN Tau;M5;55.0;2981.68860954336;0.10581129101669798;0.07399414497190376;0.14709302961025053;0.09410188013974671;0.06672694514000131;0.14712715803662454;-1.2306725268324465;-1.4045351034787337;-1.069990994015823;-1.3294730072972656;-1.5210132018216251;-1.1431051173232836
KPNO 10;M5;55.0;2981.68860954336;0.10581129101669798;0.07399414497190376;0.14709302961025053;0.09410188013974671;0.06672694514000131;0.14712715803662454;-1.2306725268324465;-1.4045351034787337;-1.069990994015823;-1.3294730072972656;-1.5210132018216251;-1.1431051173232836
ZZ Tau IRS;M5;55.0;2981.68860954336;0.10581129101669798;0.07399414497190376;0.14709302961025053;0.09410188013974671;0.06672694514000131;0.14712715803662454;-1.2306725268324465;-1.4045351034787337;-1.069990994015823;-1.3294730072972656;-1.5210132018216251;-1.1431051173232836
J04202555+2700355;M5.25;55.25;2943.232387359408;0.0893405954374648;0.06537434795692154;0.125211961437132;0.07731939957733325;0.058971194723707564;0.11820020228097411;-1.3158979703011662;-1.4965162598050545;-1.147079443105229;-1.4263412006887204;-1.6094372268672459;-1.2366482075260692
CIDA 1;M5.5;55.5;2910.8205345344845;0.07399414497190376;0.05719840418811437;0.10581129101669798;0.06672694514000131;0.05296150141577165;0.09410188013974671;-1.4045351034787337;-1.5876634074190077;-1.2306725268324465;-1.5210132018216251;-1.6917557307834832;-1.3294730072972656
J04155799+2746175;M5.5;55.5;2910.8205345344845;0.07399414497190376;0.05719840418811437;0.10581129101669798;0.06672694514000131;0.05296150141577165;0.09410188013974671;-1.4045351034787337;-1.5876634074190077;-1.2306725268324465;-1.5210132018216251;-1.6917557307834832;-1.3294730072972656
J04230607+2801194;M6;56.0;2858.473259423381;0.05719840418811437;0.046937741436402516;0.07399414497190376;0.05296150141577165;0.043932352347228434;0.06672694514000131;-1.5876634074190077;-1.7654901499817321;-1.4045351034787337;-1.6917557307834832;-1.8462909363037847;-1.5210132018216251
KPNO 3;M6;56.0;2858.473259423381;0.05719840418811437;0.046937741436402516;0.07399414497190376;0.05296150141577165;0.043932352347228434;0.06672694514000131;-1.5876634074190077;-1.7654901499817321;-1.4045351034787337;-1.6917557307834832;-1.8462909363037847;-1.5210132018216251
CFHT 4;M7;57.0;2770.236931614866;0.03867945234320011;0.03148864543620686;0.046937741436402516;0.03703315026705396;0.031360135953365495;0.043932352347228434;-1.9430054434112907;-2.120031418720287;-1.7654901499817321;-2.000597112516619;-2.1645346193813;-1.8462909363037847
J04381486+2611399;M7.25;57.25;2746.6032516147275;0.03493409747434141;0.02841544889558619;0.04265426006468214;0.0340356459504894;0.02904245624758529;0.04030740158899626;-2.0332321479530893;-2.1981495917854383;-1.8536835846531012;-2.0819677522910953;-2.245403520318941;-1.922428891837384
J04390396+2544264;M7.25;57.25;2746.6032516147275;0.03493409747434141;0.02841544889558619;0.04265426006468214;0.0340356459504894;0.02904245624758529;0.04030740158899626;-2.0332321479530893;-2.1981495917854383;-1.8536835846531012;-2.0819677522910953;-2.245403520318941;-1.922428891837384
IRAS 04414+2506;M7.25;57.25;2746.6032516147275;0.03493409747434141;0.02841544889558619;0.04265426006468214;0.0340356459504894;0.02904245624758529;0.04030740158899626;-2.0332321479530893;-2.1981495917854383;-1.8536835846531012;-2.0819677522910953;-2.245403520318941;-1.922428891837384
J04414825+2534304;M7.75;57.75;2696.2186172918105;0.02841544889558619;0.02350687391289942;0.03493409747434141;0.02904245624758529;0.025448959518740263;0.0340356459504894;-2.1981495917854383;-2.3235428233017714;-2.0332321479530893;-2.245403520318941;-2.3907122393316937;-2.0819677522910953
JH 112 B;M8.5;58.5;2618.583266017328;0.02166162353156502;0.019018479011925996;0.02575237478180291;0.024094353774568204;0.021985970807428538;0.027081932101733756;-2.3730032498588463;-2.453502386529924;-2.265724114952652;-2.450224680608537;-2.5349530033153003;-2.3216876881535957
SU Aur;G8;38.0;5179.669840749676;2.008556165943407;1.9069493696955606;2.08811030280214;2.008556165943407;1.9069493696955606;2.08811030280214;0.6632951174105928;0.5950946121205185;0.7219578371509726;0.6632951174105928;0.5950946121205185;0.7219578371509726
T Tau N;K0;40.0;4870.5008768191765;1.5823502261065154;1.5153983906520736;1.6780603820966382;1.5823502261065154;1.5153983906520736;1.6780603820966382;0.4099716588272107;0.37484679789012165;0.4611997119075743;0.4099716588272107;0.37484679789012165;0.4611997119075743
RY Tau;K1;41.0;4788.534142490123;1.4661891802903153;1.4186990701153326;1.5153983906520736;1.4661891802903153;1.4186990701153326;1.5153983906520736;0.3491582094304174;0.32431158777950553;0.37484679789012165;0.3491582094304174;0.32431158777950553;0.37484679789012165
UX Tau A;K2;42.0;4709.664540742322;1.357771513650931;1.2741928287345592;1.4186990701153326;1.357771513650931;1.2741928287345592;1.4186990701153326;0.29211283683867956;0.24671203319721385;0.32431158777950553;0.29211283683867956;0.24671203319721385;0.32431158777950553
HQ Tau;K2;42.0;4709.664540742322;1.357771513650931;1.2741928287345592;1.4186990701153326;1.357771513650931;1.2741928287345592;1.4186990701153326;0.29211283683867956;0.24671203319721385;0.32431158777950553;0.29211283683867956;0.24671203319721385;0.32431158777950553
RW Aur A;K2.5;42.5;4645.930904907031;1.2741928287345592;1.1767522229506637;1.357771513650931;1.2741928287345592;1.1767522229506637;1.357771513650931;0.24671203319721385;0.19050166709848193;0.29211283683867956;0.24671203319721385;0.19050166709848193;0.29211283683867956
CW Tau;K3;43.0;4566.32557940088;1.1767522229506637;1.076914960967193;1.2741928287345592;1.1767522229506637;1.076914960967193;1.2741928287345592;0.19050166709848193;0.1277870101104056;0.24671203319721385;0.19050166709848193;0.1277870101104056;0.24671203319721385
IT Tau A;K3;43.0;4566.32557940088;1.1767522229506637;1.076914960967193;1.2741928287345592;1.1767522229506637;1.076914960967193;1.2741928287345592;0.19050166709848193;0.1277870101104056;0.24671203319721385;0.19050166709848193;0.1277870101104056;0.24671203319721385
HP Tau;K3;43.0;4566.32557940088;1.1767522229506637;1.076914960967193;1.2741928287345592;1.1767522229506637;1.076914960967193;1.2741928287345592;0.19050166709848193;0.1277870101104056;0.24671203319721385;0.19050166709848193;0.1277870101104056;0.24671203319721385
GM Aur;K3;43.0;4566.32557940088;1.1767522229506637;1.076914960967193;1.2741928287345592;1.1767522229506637;1.076914960967193;1.2741928287345592;0.19050166709848193;0.1277870101104056;0.24671203319721385;0.19050166709848193;0.1277870101104056;0.24671203319721385
LR 1;K4.5;44.5;4292.67904546219;0.8992974703685532;0.8299675171125744;0.982675510762391;0.8992974703685532;0.8299675171125744;0.982675510762391;-0.0007607926284954585;-0.058563826724852955;0.06269677837101983;-0.0007607926284954585;-0.058563826724852955;0.06269677837101983
