#iRMS=2.268588469e-05 0
#    lk ukf_k01ii uks_k01ii        fh        fse
#
 1150.0  0.000000  0.000000  0.000000  0.000000
 1155.0  0.000000  0.000000  0.000000  0.000000
 1160.0  0.000000  0.000000  0.000000  0.000000
 1165.0  0.000000  0.000000  0.000000  0.000000
 1170.0  0.000000  0.000000  0.000000  0.000000
 1175.0  0.000000  0.000000  0.000000  0.000000
 1180.0  0.000000  0.000000  0.000000  0.000000
 1185.0  0.000000  0.000000  0.000000  0.000000
 1190.0  0.000000  0.000000  0.000000  0.000000
 1195.0  0.000000  0.000000  0.000000  0.000000
 1200.0  0.000000  0.000000  0.000000  0.000000
 1205.0  0.000000  0.000000  0.000000  0.000000
 1210.0  0.000000  0.000000  0.000000  0.000000
 1215.0  0.000000  0.000000  0.000000  0.000000
 1220.0  0.000000  0.000000  0.000000  0.000000
 1225.0  0.000000  0.000000  0.000000  0.000000
 1230.0  0.000000  0.000000  0.000000  0.000000
 1235.0  0.000000  0.000000  0.000000  0.000000
 1240.0  0.000000  0.000000  0.000000  0.000000
 1245.0  0.000000  0.000000  0.000000  0.000000
 1250.0  0.000000  0.000000  0.000000  0.000000
 1255.0  0.000000  0.000000  0.000000  0.000000
 1260.0  0.000000  0.000000  0.000000  0.000000
 1265.0  0.000000  0.000000  0.000000  0.000000
 1270.0  0.000000  0.000000  0.000000  0.000000
 1275.0  0.000000  0.000000  0.000000  0.000000
 1280.0  0.000000  0.000000  0.000000  0.000000
 1285.0  0.000000  0.000000  0.000000  0.000000
 1290.0  0.000000  0.000000  0.000000  0.000000
 1295.0  0.000000  0.000000  0.000000  0.000000
 1300.0  0.000000  0.000000  0.000000  0.000000
 1305.0  0.000000  0.000000  0.000000  0.000000
 1310.0  0.000000  0.000000  0.000000  0.000000
 1315.0  0.000000  0.000000  0.000000  0.000000
 1320.0  0.000000  0.000000  0.000000  0.000000
 1325.0  0.000000  0.000000  0.000000  0.000000
 1330.0  0.000000  0.000000  0.000000  0.000000
 1335.0  0.000000  0.000000  0.000000  0.000000
 1340.0  0.000000  0.000000  0.000000  0.000000
 1345.0  0.000000  0.000000  0.000000  0.000000
 1350.0  0.000000  0.000000  0.000000  0.000000
 1355.0  0.000000  0.000000  0.000000  0.000000
 1360.0  0.000000  0.000000  0.000000  0.000000
 1365.0  0.000000  0.000000  0.000000  0.000000
 1370.0  0.000000  0.000000  0.000000  0.000000
 1375.0  0.000000  0.000000  0.000000  0.000000
 1380.0  0.000000  0.000000  0.000000  0.000000
 1385.0  0.000000  0.000000  0.000000  0.000000
 1390.0  0.000000  0.000000  0.000000  0.000000
 1395.0  0.000000  0.000000  0.000000  0.000000
 1400.0  0.000000  0.000000  0.000000  0.000000
 1405.0  0.000000  0.000000  0.000000  0.000000
 1410.0  0.000000  0.000000  0.000000  0.000000
 1415.0  0.000000  0.000000  0.000000  0.000000
 1420.0  0.000000  0.000000  0.000000  0.000000
 1425.0  0.000000  0.000000  0.000000  0.000000
 1430.0  0.000000  0.000000  0.000000  0.000000
 1435.0  0.000000  0.000000  0.000000  0.000000
 1440.0  0.000000  0.000000  0.000000  0.000000
 1445.0  0.000000  0.000000  0.000000  0.000000
 1450.0  0.000000  0.000000  0.000000  0.000000
 1455.0  0.000000  0.000000  0.000000  0.000000
 1460.0  0.000000  0.000000  0.000000  0.000000
 1465.0  0.000000  0.000000  0.000000  0.000000
 1470.0  0.000000  0.000000  0.000000  0.000000
 1475.0  0.000000  0.000000  0.000000  0.000000
 1480.0  0.000000  0.000000  0.000000  0.000000
 1485.0  0.000000  0.000000  0.000000  0.000000
 1490.0  0.000000  0.000000  0.000000  0.000000
 1495.0  0.000000  0.000000  0.000000  0.000000
 1500.0  0.000000  0.000000  0.000000  0.000000
 1505.0  0.000000  0.000000  0.000000  0.000000
 1510.0  0.000000  0.000000  0.000000  0.000000
 1515.0  0.000000  0.000000  0.000000  0.000000
 1520.0  0.000000  0.000000  0.000000  0.000000
 1525.0  0.000000  0.000000  0.000000  0.000000
 1530.0  0.000000  0.000000  0.000000  0.000000
 1535.0  0.000000  0.000000  0.000000  0.000000
 1540.0  0.000000  0.000000  0.000000  0.000000
 1545.0  0.000000  0.000000  0.000000  0.000000
 1550.0  0.000000  0.000000  0.000000  0.000000
 1555.0  0.000000  0.000000  0.000000  0.000000
 1560.0  0.000000  0.000000  0.000000  0.000000
 1565.0  0.000000  0.000000  0.000000  0.000000
 1570.0  0.000000  0.000000  0.000000  0.000000
 1575.0  0.000000  0.000000  0.000000  0.000000
 1580.0  0.000000  0.000000  0.000000  0.000000
 1585.0  0.000000  0.000000  0.000000  0.000000
 1590.0  0.000000  0.000000  0.000000  0.000000
 1595.0  0.000000  0.000000  0.000000  0.000000
 1600.0  0.000000  0.000000  0.000000  0.000000
 1605.0  0.000000  0.000000  0.000000  0.000000
 1610.0  0.000000  0.000000  0.000000  0.000000
 1615.0  0.000000  0.000000  0.000000  0.000000
 1620.0  0.000000  0.000000  0.000000  0.000000
 1625.0  0.000000  0.000000  0.000000  0.000000
 1630.0  0.000000  0.000000  0.000000  0.000000
 1635.0  0.000000  0.000000  0.000000  0.000000
 1640.0  0.000000  0.000000  0.000000  0.000000
 1645.0  0.000000  0.000000  0.000000  0.000000
 1650.0  0.000000  0.000000  0.000000  0.000000
 1655.0  0.000000  0.000000  0.000000  0.000000
 1660.0  0.000000  0.000000  0.000000  0.000000
 1665.0  0.000000  0.000000  0.000000  0.000000
 1670.0  0.000000  0.000000  0.000000  0.000000
 1675.0  0.000000  0.000000  0.000000  0.000000
 1680.0  0.000000  0.000000  0.000000  0.000000
 1685.0  0.000000  0.000000  0.000000  0.000000
 1690.0  0.000000  0.000000  0.000000  0.000000
 1695.0  0.000000  0.000000  0.000000  0.000000
 1700.0  0.000000  0.000000  0.000000  0.000000
 1705.0  0.000000  0.000000  0.000000  0.000000
 1710.0  0.000000  0.000000  0.000000  0.000000
 1715.0  0.000000  0.000000  0.000000  0.000000
 1720.0  0.000000  0.000000  0.000000  0.000000
 1725.0  0.000000  0.000000  0.000000  0.000000
 1730.0  0.000000  0.000000  0.000000  0.000000
 1735.0  0.000000  0.000000  0.000000  0.000000
 1740.0  0.000000  0.000000  0.000000  0.000000
 1745.0  0.000000  0.000000  0.000000  0.000000
 1750.0  0.000000  0.000000  0.000000  0.000000
 1755.0  0.000000  0.000000  0.000000  0.000000
 1760.0  0.000000  0.000000  0.000000  0.000000
 1765.0  0.000000  0.000000  0.000000  0.000000
 1770.0  0.000000  0.000000  0.000000  0.000000
 1775.0  0.000000  0.000000  0.000000  0.000000
 1780.0  0.000000  0.000000  0.000000  0.000000
 1785.0  0.000000  0.000000  0.000000  0.000000
 1790.0  0.000000  0.000000  0.000000  0.000000
 1795.0  0.000000  0.000000  0.000000  0.000000
 1800.0  0.000000  0.000000  0.000000  0.000000
 1805.0  0.000000  0.000000  0.000000  0.000000
 1810.0  0.000000  0.000000  0.000000  0.000000
 1815.0  0.000000  0.000000  0.000000  0.000000
 1820.0  0.000000  0.000000  0.000000  0.000000
 1825.0  0.000000  0.000000  0.000000  0.000000
 1830.0  0.000000  0.000000  0.000000  0.000000
 1835.0  0.000000  0.000000  0.000000  0.000000
 1840.0  0.000000  0.000000  0.000000  0.000000
 1845.0  0.000000  0.000000  0.000000  0.000000
 1850.0  0.000000  0.000000  0.000000  0.000000
 1855.0  0.000000  0.000000  0.000000  0.000000
 1860.0  0.000000  0.000000  0.000000  0.000000
 1865.0  0.000000  0.000000  0.000000  0.000000
 1870.0  0.000000  0.000000  0.000000  0.000000
 1875.0  0.000000  0.000000  0.000000  0.000000
 1880.0  0.000000  0.000000  0.000000  0.000000
 1885.0  0.000000  0.000000  0.000000  0.000000
 1890.0  0.000000  0.000000  0.000000  0.000000
 1895.0  0.000000  0.000000  0.000000  0.000000
 1900.0  0.000000  0.000000  0.000000  0.000000
 1905.0  0.000000  0.000000  0.000000  0.000000
 1910.0  0.000000  0.000000  0.000000  0.000000
 1915.0  0.000000  0.000000  0.000000  0.000000
 1920.0  0.000000  0.000000  0.000000  0.000000
 1925.0  0.000000  0.000000  0.000000  0.000000
 1930.0  0.000000  0.000000  0.000000  0.000000
 1935.0  0.000000  0.000000  0.000000  0.000000
 1940.0  0.000000  0.000000  0.000000  0.000000
 1945.0  0.000000  0.000000  0.000000  0.000000
 1950.0  0.000000  0.000000  0.000000  0.000000
 1955.0  0.000000  0.000000  0.000000  0.000000
 1960.0  0.000000  0.000000  0.000000  0.000000
 1965.0  0.000000  0.000000  0.000000  0.000000
 1970.0  0.000000  0.000000  0.000000  0.000000
 1975.0  0.000000  0.000000  0.000000  0.000000
 1980.0  0.000000  0.000000  0.000000  0.000000
 1985.0  0.000000  0.000000  0.000000  0.000000
 1990.0  0.000000  0.000000  0.000000  0.000000
 1995.0  0.000000  0.000000  0.000000  0.000000
 2000.0  0.000000  0.000000  0.000000  0.000000
 2005.0  0.000000  0.000000  0.000000  0.000000
 2010.0  0.000000  0.000000  0.000000  0.000000
 2015.0  0.000000  0.000000  0.000000  0.000000
 2020.0  0.000000  0.000000  0.000000  0.000000
 2025.0  0.000000  0.000000  0.000000  0.000000
 2030.0  0.000000  0.000000  0.000000  0.000000
 2035.0  0.000000  0.000000  0.000000  0.000000
 2040.0  0.000000  0.000000  0.000000  0.000000
 2045.0  0.000000  0.000000  0.000000  0.000000
 2050.0  0.000000  0.000000  0.000000  0.000000
 2055.0  0.000000  0.000000  0.000000  0.000000
 2060.0  0.000000  0.000000  0.000000  0.000000
 2065.0  0.000000  0.000000  0.000000  0.000000
 2070.0  0.000000  0.000000  0.000000  0.000000
 2075.0  0.000000  0.000000  0.000000  0.000000
 2080.0  0.000000  0.000000  0.000000  0.000000
 2085.0  0.000000  0.000000  0.000000  0.000000
 2090.0  0.000000  0.000000  0.000000  0.000000
 2095.0  0.000000  0.000000  0.000000  0.000000
 2100.0  0.000000  0.000000  0.000000  0.000000
 2105.0  0.000000  0.000000  0.000000  0.000000
 2110.0  0.000000  0.000000  0.000000  0.000000
 2115.0  0.000000  0.000000  0.000000  0.000000
 2120.0  0.000000  0.000000  0.000000  0.000000
 2125.0  0.000000  0.000000  0.000000  0.000000
 2130.0  0.000000  0.000000  0.000000  0.000000
 2135.0  0.000000  0.000000  0.000000  0.000000
 2140.0  0.000000  0.000000  0.000000  0.000000
 2145.0  0.000000  0.000000  0.000000  0.000000
 2150.0  0.000000  0.000000  0.000000  0.000000
 2155.0  0.000000  0.000000  0.000000  0.000000
 2160.0  0.000000  0.000000  0.000000  0.000000
 2165.0  0.000000  0.000000  0.000000  0.000000
 2170.0  0.000000  0.000000  0.000000  0.000000
 2175.0  0.000000  0.000000  0.000000  0.000000
 2180.0  0.000000  0.000000  0.000000  0.000000
 2185.0  0.000000  0.000000  0.000000  0.000000
 2190.0  0.000000  0.000000  0.000000  0.000000
 2195.0  0.000000  0.000000  0.000000  0.000000
 2200.0  0.000000  0.000000  0.000000  0.000000
 2205.0  0.000000  0.000000  0.000000  0.000000
 2210.0  0.000000  0.000000  0.000000  0.000000
 2215.0  0.000000  0.000000  0.000000  0.000000
 2220.0  0.000000  0.000000  0.000000  0.000000
 2225.0  0.000000  0.000000  0.000000  0.000000
 2230.0  0.000000  0.000000  0.000000  0.000000
 2235.0  0.000000  0.000000  0.000000  0.000000
 2240.0  0.000000  0.000000  0.000000  0.000000
 2245.0  0.000000  0.000000  0.000000  0.000000
 2250.0  0.000000  0.000000  0.000000  0.000000
 2255.0  0.000000  0.000000  0.000000  0.000000
 2260.0  0.000000  0.000000  0.000000  0.000000
 2265.0  0.000000  0.000000  0.000000  0.000000
 2270.0  0.000000  0.000000  0.000000  0.000000
 2275.0  0.000000  0.000000  0.000000  0.000000
 2280.0  0.000000  0.000000  0.000000  0.000000
 2285.0  0.000000  0.000000  0.000000  0.000000
 2290.0  0.000000  0.000000  0.000000  0.000000
 2295.0  0.000000  0.000000  0.000000  0.000000
 2300.0  0.000000  0.000000  0.000000  0.000000
 2305.0  0.000000  0.000000  0.000000  0.000000
 2310.0  0.000000  0.000000  0.000000  0.000000
 2315.0  0.000000  0.000000  0.000000  0.000000
 2320.0  0.000000  0.000000  0.000000  0.000000
 2325.0  0.000000  0.000000  0.000000  0.000000
 2330.0  0.000000  0.000000  0.000000  0.000000
 2335.0  0.000000  0.000000  0.000000  0.000000
 2340.0  0.000000  0.000000  0.000000  0.000000
 2345.0  0.000000  0.000000  0.000000  0.000000
 2350.0  0.000000  0.000000  0.000000  0.000000
 2355.0  0.000000  0.000000  0.000000  0.000000
 2360.0  0.000000  0.000000  0.000000  0.000000
 2365.0  0.000000  0.000000  0.000000  0.000000
 2370.0  0.000000  0.000000  0.000000  0.000000
 2375.0  0.000000  0.000000  0.000000  0.000000
 2380.0  0.000000  0.000000  0.000000  0.000000
 2385.0  0.000000  0.000000  0.000000  0.000000
 2390.0  0.000000  0.000000  0.000000  0.000000
 2395.0  0.000000  0.000000  0.000000  0.000000
 2400.0  0.000000  0.000000  0.000000  0.000000
 2405.0  0.000000  0.000000  0.000000  0.000000
 2410.0  0.000001  0.000000  0.000001  0.000000
 2415.0  0.000001  0.000000  0.000001  0.000000
 2420.0  0.000001  0.000000  0.000001  0.000000
 2425.0  0.000001  0.000000  0.000001  0.000000
 2430.0  0.000001  0.000000  0.000001  0.000000
 2435.0  0.000001  0.000000  0.000001  0.000000
 2440.0  0.000001  0.000000  0.000001  0.000000
 2445.0  0.000001  0.000000  0.000001  0.000000
 2450.0  0.000000  0.000000  0.000000  0.000000
 2455.0  0.000000  0.000000  0.000000  0.000000
 2460.0  0.000000  0.000000  0.000000  0.000000
 2465.0  0.000000  0.000000  0.000000  0.000000
 2470.0  0.000000  0.000000  0.000000  0.000000
 2475.0  0.000000  0.000000  0.000000  0.000000
 2480.0  0.000000  0.000000  0.000000  0.000000
 2485.0  0.000000  0.000000  0.000000  0.000000
 2490.0  0.000000  0.000000  0.000000  0.000000
 2495.0  0.000000  0.000000  0.000000  0.000000
 2500.0  0.000000  0.000000  0.000000  0.000000
 2505.0  0.000004  0.000000  0.000004  0.000000
 2510.0  0.000008  0.000000  0.000008  0.000000
 2515.0  0.000012  0.000000  0.000012  0.000000
 2520.0  0.000016  0.000000  0.000016  0.000000
 2525.0  0.000018  0.000000  0.000018  0.000000
 2530.0  0.000020  0.000000  0.000020  0.000000
 2535.0  0.000019  0.000000  0.000019  0.000000
 2540.0  0.000016  0.000000  0.000016  0.000000
 2545.0  0.000010  0.000000  0.000010  0.000000
 2550.0  0.000000  0.000000  0.000000  0.000000
 2555.0  0.000000  0.000000  0.000000  0.000000
 2560.0  0.000000  0.000000  0.000000  0.000000
 2565.0  0.000000  0.000000  0.000000  0.000000
 2570.0  0.000000  0.000000  0.000000  0.000000
 2575.0  0.000000  0.000000  0.000000  0.000000
 2580.0  0.000000  0.000000  0.000000  0.000000
 2585.0  0.000000  0.000000  0.000000  0.000000
 2590.0  0.000000  0.000000  0.000000  0.000000
 2595.0  0.000000  0.000000  0.000000  0.000000
 2600.0  0.000000  0.000000  0.000000  0.000000
 2605.0  0.000050  0.000000  0.000050  0.000000
 2610.0  0.000115  0.000000  0.000115  0.000000
 2615.0  0.000191  0.000000  0.000191  0.000000
 2620.0  0.000280  0.000000  0.000280  0.000000
 2625.0  0.000378  0.000000  0.000378  0.000000
 2630.0  0.000486  0.000000  0.000486  0.000000
 2635.0  0.000602  0.000000  0.000602  0.000000
 2640.0  0.000725  0.000000  0.000725  0.000000
 2645.0  0.000854  0.000000  0.000854  0.000000
 2650.0  0.000987  0.000000  0.000987  0.000000
 2655.0  0.001124  0.000000  0.001124  0.000000
 2660.0  0.001264  0.000000  0.001264  0.000000
 2665.0  0.001406  0.000000  0.001406  0.000000
 2670.0  0.001551  0.000000  0.001551  0.000000
 2675.0  0.001698  0.000000  0.001698  0.000000
 2680.0  0.001847  0.000000  0.001847  0.000000
 2685.0  0.001997  0.000000  0.001997  0.000000
 2690.0  0.002148  0.000000  0.002148  0.000000
 2695.0  0.002299  0.000000  0.002299  0.000000
 2700.0  0.002451  0.000000  0.002451  0.000000
 2705.0  0.002603  0.000000  0.002603  0.000000
 2710.0  0.002754  0.000000  0.002754  0.000000
 2715.0  0.002904  0.000000  0.002904  0.000000
 2720.0  0.003054  0.000000  0.003054  0.000000
 2725.0  0.003202  0.000000  0.003202  0.000000
 2730.0  0.003349  0.000000  0.003349  0.000000
 2735.0  0.003494  0.000000  0.003494  0.000000
 2740.0  0.003637  0.000000  0.003637  0.000000
 2745.0  0.003777  0.000000  0.003777  0.000000
 2750.0  0.003915  0.000000  0.003915  0.000000
 2755.0  0.004050  0.000000  0.004050  0.000000
 2760.0  0.004181  0.000000  0.004181  0.000000
 2765.0  0.004306  0.000000  0.004306  0.000000
 2770.0  0.004423  0.000000  0.004423  0.000000
 2775.0  0.004532  0.000000  0.004532  0.000000
 2780.0  0.004630  0.000000  0.004630  0.000000
 2785.0  0.004717  0.000000  0.004717  0.000000
 2790.0  0.004791  0.000000  0.004791  0.000000
 2795.0  0.004851  0.000000  0.004851  0.000000
 2800.0  0.004894  0.000000  0.004894  0.000000
 2805.0  0.004922  0.000000  0.004922  0.000000
 2810.0  0.004941  0.000000  0.004941  0.000000
 2815.0  0.004961  0.000000  0.004961  0.000000
 2820.0  0.004991  0.000000  0.004991  0.000000
 2825.0  0.005039  0.000000  0.005039  0.000000
 2830.0  0.005115  0.000000  0.005115  0.000000
 2835.0  0.005227  0.000000  0.005227  0.000000
 2840.0  0.005385  0.000000  0.005385  0.000000
 2845.0  0.005597  0.000000  0.005597  0.000000
 2850.0  0.005873  0.000000  0.005873  0.000000
 2855.0  0.006220  0.000000  0.006220  0.000000
 2860.0  0.006641  0.000000  0.006641  0.000000
 2865.0  0.007136  0.000000  0.007136  0.000000
 2870.0  0.007705  0.000000  0.007705  0.000000
 2875.0  0.008350  0.000000  0.008350  0.000000
 2880.0  0.009071  0.000000  0.009071  0.000000
 2885.0  0.009870  0.000000  0.009870  0.000000
 2890.0  0.010745  0.000000  0.010745  0.000000
 2895.0  0.011700  0.000000  0.011700  0.000000
 2900.0  0.012733  0.000000  0.012733  0.000000
 2905.0  0.013840  0.000000  0.013840  0.000000
 2910.0  0.014992  0.000000  0.014992  0.000000
 2915.0  0.016153  0.000000  0.016153  0.000000
 2920.0  0.017288  0.000000  0.017288  0.000000
 2925.0  0.018361  0.000000  0.018361  0.000000
 2930.0  0.019337  0.000000  0.019337  0.000000
 2935.0  0.020182  0.000000  0.020182  0.000000
 2940.0  0.020858  0.000000  0.020858  0.000000
 2945.0  0.021332  0.000000  0.021332  0.000000
 2950.0  0.021567  0.000000  0.021567  0.000000
 2955.0  0.021543  0.000000  0.021543  0.000000
 2960.0  0.021294  0.000000  0.021294  0.000000
 2965.0  0.020871  0.000000  0.020871  0.000000
 2970.0  0.020322  0.000000  0.020322  0.000000
 2975.0  0.019697  0.000000  0.019697  0.000000
 2980.0  0.019045  0.000000  0.019045  0.000000
 2985.0  0.018416  0.000000  0.018416  0.000000
 2990.0  0.017859  0.000000  0.017859  0.000000
 2995.0  0.017423  0.000000  0.017423  0.000000
 3000.0  0.017158  0.000000  0.017158  0.000000
 3005.0  0.017101  0.000000  0.017101  0.000000
 3010.0  0.017244  0.000000  0.017244  0.000000
 3015.0  0.017565  0.000000  0.017565  0.000000
 3020.0  0.018043  0.000000  0.018043  0.000000
 3025.0  0.018657  0.000000  0.018657  0.000000
 3030.0  0.019386  0.000000  0.019386  0.000000
 3035.0  0.020209  0.000000  0.020209  0.000000
 3040.0  0.021104  0.000000  0.021104  0.000000
 3045.0  0.022052  0.000000  0.022052  0.000000
 3050.0  0.023031  0.000000  0.023031  0.000000
 3055.0  0.024023  0.000000  0.024023  0.000000
 3060.0  0.025025  0.000000  0.025025  0.000000
 3065.0  0.026035  0.000000  0.026035  0.000000
 3070.0  0.027055  0.000000  0.027055  0.000000
 3075.0  0.028082  0.000000  0.028082  0.000000
 3080.0  0.029118  0.000000  0.029118  0.000000
 3085.0  0.030160  0.000000  0.030160  0.000000
 3090.0  0.031210  0.000000  0.031210  0.000000
 3095.0  0.032267  0.000000  0.032267  0.000000
 3100.0  0.033329  0.000000  0.033329  0.000000
 3105.0  0.034398  0.000000  0.034398  0.000000
 3110.0  0.035478  0.000000  0.035478  0.000000
 3115.0  0.036574  0.000000  0.036574  0.000000
 3120.0  0.037691  0.000000  0.037691  0.000000
 3125.0  0.038834  0.000000  0.038834  0.000000
 3130.0  0.040008  0.000000  0.040008  0.000000
 3135.0  0.041218  0.000000  0.041218  0.000000
 3140.0  0.042469  0.000000  0.042469  0.000000
 3145.0  0.043766  0.000000  0.043766  0.000000
 3150.0  0.045115  0.000000  0.045115  0.000000
 3155.0  0.046514  0.000000  0.046514  0.000000
 3160.0  0.047934  0.000000  0.047934  0.000000
 3165.0  0.049342  0.000000  0.049342  0.000000
 3170.0  0.050702  0.000000  0.050702  0.000000
 3175.0  0.051980  0.000000  0.051980  0.000000
 3180.0  0.053142  0.000000  0.053142  0.000000
 3185.0  0.054152  0.000000  0.054152  0.000000
 3190.0  0.054977  0.000000  0.054977  0.000000
 3195.0  0.055581  0.000000  0.055581  0.000000
 3200.0  0.055931  0.000000  0.055931  0.000000
 3205.0  0.056010  0.000000  0.056010  0.000000
 3210.0  0.055883  0.000000  0.055883  0.000000
 3215.0  0.055632  0.000000  0.055632  0.000000
 3220.0  0.055341  0.000000  0.055341  0.000000
 3225.0  0.055092  0.000000  0.055092  0.000000
 3230.0  0.054969  0.000000  0.054969  0.000000
 3235.0  0.055053  0.000000  0.055053  0.000000
 3240.0  0.055429  0.000000  0.055429  0.000000
 3245.0  0.056180  0.000000  0.056180  0.000000
 3250.0  0.057387  0.000000  0.057387  0.000000
 3255.0  0.059103  0.000000  0.059103  0.000000
 3260.0  0.061249  0.000000  0.061249  0.000000
 3265.0  0.063718  0.000000  0.063718  0.000000
 3270.0  0.066401  0.000000  0.066401  0.000000
 3275.0  0.069188  0.000000  0.069188  0.000000
 3280.0  0.071971  0.000000  0.071971  0.000000
 3285.0  0.074640  0.000000  0.074640  0.000000
 3290.0  0.077087  0.000000  0.077087  0.000000
 3295.0  0.079204  0.000000  0.079204  0.000000
 3300.0  0.080880  0.000000  0.080880  0.000000
 3305.0  0.082036  0.000000  0.082036  0.000000
 3310.0  0.082711  0.000000  0.082711  0.000000
 3315.0  0.082973  0.000000  0.082973  0.000000
 3320.0  0.082889  0.000000  0.082889  0.000000
 3325.0  0.082527  0.000000  0.082527  0.000000
 3330.0  0.081954  0.000000  0.081954  0.000000
 3335.0  0.081239  0.000000  0.081239  0.000000
 3340.0  0.080449  0.000000  0.080449  0.000000
 3345.0  0.079651  0.000000  0.079651  0.000000
 3350.0  0.078914  0.000000  0.078914  0.000000
 3355.0  0.078293  0.000000  0.078293  0.000000
 3360.0  0.077793  0.000000  0.077793  0.000000
 3365.0  0.077410  0.000000  0.077410  0.000000
 3370.0  0.077136  0.000000  0.077136  0.000000
 3375.0  0.076965  0.000000  0.076965  0.000000
 3380.0  0.076892  0.000000  0.076892  0.000000
 3385.0  0.076910  0.000000  0.076910  0.000000
 3390.0  0.077013  0.000000  0.077013  0.000000
 3395.0  0.077195  0.000000  0.077195  0.000000
 3400.0  0.077450  0.000000  0.077450  0.000000
 3405.0  0.077771  0.000000  0.077771  0.000000
 3410.0  0.078153  0.000000  0.078153  0.000000
 3415.0  0.078593  0.000000  0.078593  0.000000
 3420.0  0.079084  0.000000  0.079084  0.000000
 3425.0  0.079623  0.000000  0.079623  0.000000
 3430.0  0.080204  0.000000  0.080204  0.000000
 3435.0  0.080822  0.000000  0.080822  0.000000
 3440.0  0.081473  0.000000  0.081473  0.000000
 3445.0  0.082152  0.000000  0.082152  0.000000
 3450.0  0.082853  0.000000  0.082853  0.000000
 3455.0  0.083573  0.000000  0.083573  0.000000
 3460.0  0.084303  0.000000  0.084303  0.000000
 3465.0  0.085038  0.000000  0.085038  0.000000
 3470.0  0.085769  0.000000  0.085769  0.000000
 3475.0  0.086490  0.000000  0.086490  0.000000
 3480.0  0.087195  0.000000  0.087195  0.000000
 3485.0  0.087874  0.000000  0.087874  0.000000
 3490.0  0.088523  0.000000  0.088523  0.000000
 3495.0  0.089133  0.000000  0.089133  0.000000
 3500.0  0.089697  0.000000  0.089697  0.000000
 3505.0  0.090207  0.000000  0.090207  0.000000
 3510.0  0.090645  0.000000  0.090645  0.000000
 3515.0  0.090990  0.000000  0.090990  0.000000
 3520.0  0.091225  0.000000  0.091225  0.000000
 3525.0  0.091328  0.000000  0.091328  0.000000
 3530.0  0.091280  0.000000  0.091280  0.000000
 3535.0  0.091062  0.000000  0.091062  0.000000
 3540.0  0.090653  0.000000  0.090653  0.000000
 3545.0  0.090035  0.000000  0.090035  0.000000
 3550.0  0.089188  0.000000  0.089188  0.000000
 3555.0  0.088117  0.000000  0.088117  0.000000
 3560.0  0.086929  0.000000  0.086929  0.000000
 3565.0  0.085758  0.000000  0.085758  0.000000
 3570.0  0.084736  0.000000  0.084736  0.000000
 3575.0  0.083996  0.000000  0.083996  0.000000
 3580.0  0.083670  0.000000  0.083670  0.000000
 3585.0  0.083891  0.000000  0.083891  0.000000
 3590.0  0.084792  0.000000  0.084792  0.000000
 3595.0  0.086505  0.000000  0.086505  0.000000
 3600.0  0.089164  0.000000  0.089164  0.000000
 3605.0  0.110427  0.020299  0.110427  0.000000
 3610.0  0.098185  0.000883  0.098185  0.000000
 3615.0  0.098798  0.004503  0.098798  0.000000
 3620.0  0.108924  0.000502  0.108924  0.000000
 3625.0  0.119641  0.005811  0.119641  0.000000
 3630.0  0.135648  0.000000  0.135648  0.000000
 3635.0  0.139952  0.000000  0.139952  0.000000
 3640.0  0.134264  0.000000  0.134264  0.000000
 3645.0  0.119980  0.000000  0.119980  0.000000
 3650.0  0.118364  0.000000  0.118364  0.000000
 3655.0  0.144694  0.000000  0.144694  0.000000
 3660.0  0.170420  0.000000  0.170420  0.000000
 3665.0  0.167576  0.000000  0.167576  0.000000
 3670.0  0.154348  0.000000  0.154348  0.000000
 3675.0  0.152679  0.000000  0.152679  0.000000
 3680.0  0.153385  0.000000  0.153385  0.000000
 3685.0  0.146068  0.000000  0.146068  0.000000
 3690.0  0.146600  0.000000  0.146600  0.000000
 3695.0  0.167408  0.000000  0.167408  0.000000
 3700.0  0.180849  0.000000  0.180849  0.000000
 3705.0  0.162133  0.000000  0.162133  0.000000
 3710.0  0.137924  0.000000  0.137924  0.000000
 3715.0  0.137329  0.000000  0.137329  0.000000
 3720.0  0.147744  0.000000  0.147744  0.000000
 3725.0  0.150019  0.000000  0.150019  0.000000
 3730.0  0.140525  0.000000  0.140525  0.000000
 3735.0  0.121486  0.000000  0.121486  0.000000
 3740.0  0.103021  0.000000  0.103021  0.000000
 3745.0  0.095262  0.000000  0.095262  0.000000
 3750.0  0.100504  0.000000  0.100504  0.000000
 3755.0  0.116299  0.000000  0.116299  0.000000
 3760.0  0.129067  0.000000  0.129067  0.000000
 3765.0  0.128635  0.000000  0.128635  0.000000
 3770.0  0.129590  0.000000  0.129590  0.000000
 3775.0  0.145033  0.000000  0.145033  0.000000
 3780.0  0.157363  0.000000  0.157363  0.000000
 3785.0  0.148308  0.000000  0.148308  0.000000
 3790.0  0.127608  0.000000  0.127608  0.000000
 3795.0  0.110631  0.000000  0.110631  0.000000
 3800.0  0.107232  0.000000  0.107232  0.000000
 3805.0  0.119842  0.000000  0.119842  0.000000
 3810.0  0.126695  0.000000  0.126695  0.000000
 3815.0  0.108917  0.000000  0.108917  0.000000
 3820.0  0.083397  0.000000  0.083397  0.000000
 3825.0  0.070357  0.000000  0.070357  0.000000
 3830.0  0.067594  0.000000  0.067594  0.000000
 3835.0  0.068704  0.000000  0.068704  0.000000
 3840.0  0.072893  0.000000  0.072893  0.000000
 3845.0  0.079549  0.000000  0.079549  0.000000
 3850.0  0.083169  0.000000  0.083169  0.000000
 3855.0  0.079462  0.000000  0.079462  0.000000
 3860.0  0.073878  0.000000  0.073878  0.000000
 3865.0  0.072411  0.000000  0.072411  0.000000
 3870.0  0.073499  0.000000  0.073499  0.000000
 3875.0  0.075751  0.000000  0.075751  0.000000
 3880.0  0.086009  0.000000  0.086009  0.000000
 3885.0  0.109515  0.000000  0.109515  0.000000
 3890.0  0.136848  0.000000  0.136848  0.000000
 3895.0  0.157119  0.000000  0.157119  0.000000
 3900.0  0.168201  0.000000  0.168201  0.000000
 3905.0  0.171300  0.000000  0.171300  0.000000
 3910.0  0.172198  0.000000  0.172198  0.000000
 3915.0  0.173790  0.000000  0.173790  0.000000
 3920.0  0.162871  0.000000  0.162871  0.000000
 3925.0  0.129252  0.000000  0.129252  0.000000
 3930.0  0.090919  0.000000  0.090919  0.000000
 3935.0  0.070114  0.000000  0.070114  0.000000
 3940.0  0.077947  0.000000  0.077947  0.000000
 3945.0  0.116775  0.000000  0.116775  0.000000
 3950.0  0.165066  0.000000  0.165066  0.000000
 3955.0  0.195440  0.000000  0.195440  0.000000
 3960.0  0.181003  0.000000  0.181003  0.000000
 3965.0  0.115072  0.000000  0.115072  0.000000
 3970.0  0.071309  0.000000  0.071309  0.000000
 3975.0  0.114141  0.000000  0.114141  0.000000
 3980.0  0.190719  0.000000  0.190719  0.000000
 3985.0  0.236419  0.000000  0.236419  0.000000
 3990.0  0.256808  0.000000  0.256808  0.000000
 3995.0  0.270721  0.000000  0.270721  0.000000
 4000.0  0.279862  0.000000  0.279862  0.000000
 4005.0  0.283771  0.000000  0.283771  0.000000
 4010.0  0.290465  0.000000  0.290465  0.000000
 4015.0  0.305602  0.000000  0.305602  0.000000
 4020.0  0.316921  0.000000  0.316921  0.000000
 4025.0  0.313181  0.000000  0.313181  0.000000
 4030.0  0.305149  0.000000  0.305149  0.000000
 4035.0  0.304382  0.000000  0.304382  0.000000
 4040.0  0.303607  0.000000  0.303607  0.000000
 4045.0  0.294883  0.000000  0.294883  0.000000
 4050.0  0.286421  0.000000  0.286421  0.000000
 4055.0  0.286708  0.000000  0.286708  0.000000
 4060.0  0.289166  0.000000  0.289166  0.000000
 4065.0  0.286520  0.000000  0.286520  0.000000
 4070.0  0.283774  0.000000  0.283774  0.000000
 4075.0  0.288314  0.000000  0.288314  0.000000
 4080.0  0.304785  0.000000  0.304785  0.000000
 4085.0  0.331741  0.000000  0.331741  0.000000
 4090.0  0.346113  0.000000  0.346113  0.000000
 4095.0  0.330412  0.000000  0.330412  0.000000
 4100.0  0.311091  0.000000  0.311091  0.000000
 4105.0  0.315485  0.000000  0.315485  0.000000
 4110.0  0.330518  0.000000  0.330518  0.000000
 4115.0  0.336695  0.000000  0.336695  0.000000
 4120.0  0.329248  0.000000  0.329248  0.000000
 4125.0  0.310757  0.000000  0.310757  0.000000
 4130.0  0.298460  0.000000  0.298460  0.000000
 4135.0  0.304937  0.000000  0.304937  0.000000
 4140.0  0.309471  0.000000  0.309471  0.000000
 4145.0  0.293083  0.000000  0.293083  0.000000
 4150.0  0.277046  0.000000  0.277046  0.000000
 4155.0  0.284060  0.000000  0.284060  0.000000
 4160.0  0.302274  0.000000  0.302274  0.000000
 4165.0  0.313271  0.000000  0.313271  0.000000
 4170.0  0.306909  0.000000  0.306909  0.000000
 4175.0  0.283284  0.000000  0.283284  0.000000
 4180.0  0.275173  0.000000  0.275173  0.000000
 4185.0  0.306673  0.000000  0.306673  0.000000
 4190.0  0.334497  0.000000  0.334497  0.000000
 4195.0  0.318335  0.000000  0.318335  0.000000
 4200.0  0.297186  0.000000  0.297186  0.000000
 4205.0  0.314516  0.000000  0.314516  0.000000
 4210.0  0.352341  0.000000  0.352341  0.000000
 4215.0  0.381225  0.000000  0.381225  0.000000
 4220.0  0.387360  0.000000  0.387360  0.000000
 4225.0  0.368471  0.000000  0.368471  0.000000
 4230.0  0.352785  0.000000  0.352785  0.000000
 4235.0  0.365869  0.000000  0.365869  0.000000
 4240.0  0.392161  0.000000  0.392161  0.000000
 4245.0  0.409398  0.000000  0.409398  0.000000
 4250.0  0.409656  0.000000  0.409656  0.000000
 4255.0  0.393779  0.000000  0.393779  0.000000
 4260.0  0.383351  0.000000  0.383351  0.000000
 4265.0  0.396048  0.000000  0.396048  0.000000
 4270.0  0.413192  0.000000  0.413192  0.000000
 4275.0  0.413813  0.000000  0.413813  0.000000
 4280.0  0.404151  0.000000  0.404151  0.000000
 4285.0  0.394756  0.000000  0.394756  0.000000
 4290.0  0.386218  0.000000  0.386218  0.000000
 4295.0  0.373490  0.000000  0.373490  0.000000
 4300.0  0.338940  0.000000  0.338940  0.000000
 4305.0  0.282144  0.000000  0.282144  0.000000
 4310.0  0.284075  0.000000  0.284075  0.000000
 4315.0  0.401723  0.000000  0.401723  0.000000
 4320.0  0.514736  0.000000  0.514736  0.000000
 4325.0  0.506229  0.000000  0.506229  0.000000
 4330.0  0.450540  0.000000  0.450540  0.000000
 4335.0  0.442829  0.000000  0.442829  0.000000
 4340.0  0.470324  0.000000  0.470324  0.000000
 4345.0  0.498718  0.000000  0.498718  0.000000
 4350.0  0.515490  0.000000  0.515490  0.000000
 4355.0  0.517804  0.000000  0.517804  0.000000
 4360.0  0.519763  0.000000  0.519763  0.000000
 4365.0  0.533262  0.000000  0.533262  0.000000
 4370.0  0.544424  0.000000  0.544424  0.000000
 4375.0  0.535778  0.000000  0.535778  0.000000
 4380.0  0.501239  0.000000  0.501239  0.000000
 4385.0  0.448547  0.000000  0.448547  0.000000
 4390.0  0.429342  0.000000  0.429342  0.000000
 4395.0  0.480465  0.000000  0.480465  0.000000
 4400.0  0.535642  0.000000  0.535642  0.000000
 4405.0  0.530485  0.000000  0.530485  0.000000
 4410.0  0.511265  0.000000  0.511265  0.000000
 4415.0  0.531980  0.000000  0.531980  0.000000
 4420.0  0.566879  0.000000  0.566879  0.000000
 4425.0  0.580218  0.000000  0.580218  0.000000
 4430.0  0.576044  0.000000  0.576044  0.000000
 4435.0  0.569030  0.000000  0.569030  0.000000
 4440.0  0.576591  0.000000  0.576591  0.000000
 4445.0  0.605267  0.000000  0.605267  0.000000
 4450.0  0.615361  0.000000  0.615361  0.000000
 4455.0  0.575724  0.000000  0.575724  0.000000
 4460.0  0.535639  0.000000  0.535639  0.000000
 4465.0  0.546599  0.000000  0.546599  0.000000
 4470.0  0.588525  0.000000  0.588525  0.000000
 4475.0  0.628763  0.000000  0.628763  0.000000
 4480.0  0.655942  0.000000  0.655942  0.000000
 4485.0  0.664963  0.000000  0.664963  0.000000
 4490.0  0.654538  0.000000  0.654538  0.000000
 4495.0  0.631787  0.000000  0.631787  0.000000
 4500.0  0.633649  0.000000  0.633649  0.000000
 4505.0  0.684966  0.000000  0.684966  0.000000
 4510.0  0.732368  0.000000  0.732368  0.000000
 4515.0  0.721674  0.000000  0.721674  0.000000
 4520.0  0.673681  0.000000  0.673681  0.000000
 4525.0  0.625527  0.000000  0.625527  0.000000
 4530.0  0.604746  0.000000  0.604746  0.000000
 4535.0  0.624652  0.000000  0.624652  0.000000
 4540.0  0.651300  0.000000  0.651300  0.000000
 4545.0  0.652271  0.000000  0.652271  0.000000
 4550.0  0.648511  0.000000  0.648511  0.000000
 4555