#####################################################################
#  MagAO-X Filter Curve
#
# magaox_wfs-open_bs-halpha-ir_atm.dat
#
# WFS bandpass with H-alpha/IR B/S, with atmosphere
#
# Characteristics:
#    lambda_0:  8.36712e-07 [central wavelength, in m]
#    w_eff:     2.05131e-07 [effective width, in m]
#    FWHM:      2.16816e-07 [full-width at half max., in m]
#    Trans_max: 0.196214 [maximum transmission]
#
# Vega Zero Point Flux Densities (calculated):
#    f_lambda_0: 0.0106248 [W/m^3 above atm]
#    f_nu_0:     2386.53 [Jy above atm]
#    f_phot_0:   4.36837e+16 [photons/s/m^3 above atm]
#
# Vega Zero Point Fluxes (calculated):
#    F_W_0: 6.62393e-08 [W at telescope aperture]
#    F_phot_0:   5.34373e+10 [photons/s at detector]
#
#####################################################################
# lambda [m]             transmission
#-------------------------------------------------
  4.99e-07          0
  5e-07          4.78207e-09
  5.01e-07          1.59859e-09
  5.02e-07          1.41966e-08
  5.03e-07          3.18793e-09
  5.04e-07          1.47273e-08
  5.05e-07          2.40862e-09
  5.06e-07          9.00634e-09
  5.07e-07          4.53893e-09
  5.08e-07          4.19658e-09
  5.09e-07          3.01246e-09
  5.1e-07          2.86414e-09
  5.11e-07          2.59052e-09
  5.12e-07          7.74871e-09
  5.13e-07          2.21968e-08
  5.14e-07          1.36038e-08
  5.15e-07          1.62297e-08
  5.16e-07          1.996e-08
  5.17e-07          6.05126e-09
  5.18e-07          2.82102e-09
  5.19e-07          1.938e-08
  5.2e-07          3.41432e-09
  5.21e-07          1.65313e-08
  5.22e-07          5.16239e-09
  5.23e-07          3.24952e-09
  5.24e-07          3.65914e-08
  5.25e-07          2.07718e-08
  5.26e-07          1.14475e-08
  5.27e-07          2.59399e-09
  5.28e-07          9.31032e-09
  5.29e-07          1.91083e-08
  5.3e-07          8.36658e-09
  5.31e-07          2.04194e-08
  5.32e-07          1.8589e-08
  5.33e-07          1.58899e-08
  5.34e-07          2.07601e-08
  5.35e-07          5.52625e-09
  5.36e-07          1.93405e-08
  5.37e-07          5.83739e-09
  5.38e-07          2.31943e-08
  5.39e-07          2.96831e-09
  5.4e-07          5.03793e-08
  5.41e-07          2.75773e-08
  5.42e-07          4.28273e-08
  5.43e-07          9.73802e-08
  5.44e-07          1.27318e-07
  5.45e-07          1.07166e-07
  5.46e-07          1.05236e-07
  5.47e-07          7.79564e-08
  5.48e-07          8.3805e-08
  5.49e-07          8.45574e-08
  5.5e-07          6.83097e-08
  5.51e-07          7.1872e-08
  5.52e-07          6.63985e-08
  5.53e-07          5.16643e-08
  5.54e-07          1.56794e-08
  5.55e-07          1.78319e-08
  5.56e-07          1.27525e-08
  5.57e-07          2.47444e-08
  5.58e-07          2.21229e-09
  5.59e-07          1.52947e-08
  5.6e-07          1.29684e-09
  5.61e-07          3.65177e-10
  5.62e-07          2.17241e-08
  5.63e-07          3.02804e-08
  5.64e-07          1.65127e-08
  5.65e-07          2.55732e-08
  5.66e-07          2.84729e-08
  5.67e-07          1.59524e-08
  5.68e-07          2.90069e-08
  5.69e-07          2.42133e-08
  5.7e-07          3.05311e-08
  5.71e-07          3.3019e-09
  5.72e-07          1.12125e-08
  5.73e-07          2.99225e-08
  5.74e-07          4.68967e-08
  5.75e-07          4.25613e-08
  5.76e-07          2.48394e-08
  5.77e-07          5.41102e-08
  5.78e-07          4.56821e-08
  5.79e-07          7.752e-09
  5.8e-07          8.49158e-08
  5.81e-07          3.3588e-08
  5.82e-07          6.96823e-09
  5.83e-07          5.24252e-08
  5.84e-07          5.96599e-08
  5.85e-07          6.90218e-08
  5.86e-07          5.03324e-08
  5.87e-07          2.08384e-08
  5.88e-07          5.63899e-08
  5.89e-07          5.27053e-08
  5.9e-07          4.53831e-08
  5.91e-07          7.66699e-08
  5.92e-07          1.10492e-07
  5.93e-07          3.73287e-07
  5.94e-07          2.33655e-06
  5.95e-07          2.24849e-05
  5.96e-07          0.000388224
  5.97e-07          0.00291142
  5.98e-07          0.00860402
  5.99e-07          0.0139686
  6e-07          0.0164451
  6.01e-07          0.0172741
  6.02e-07          0.0178114
  6.03e-07          0.0181386
  6.04e-07          0.0178891
  6.05e-07          0.0171622
  6.06e-07          0.0162856
  6.07e-07          0.0153429
  6.08e-07          0.0142514
  6.09e-07          0.0131112
  6.1e-07          0.0122417
  6.11e-07          0.0116938
  6.12e-07          0.0114141
  6.13e-07          0.0113087
  6.14e-07          0.0113573
  6.15e-07          0.0114528
  6.16e-07          0.0116896
  6.17e-07          0.0120049
  6.18e-07          0.0124851
  6.19e-07          0.0128994
  6.2e-07          0.0134449
  6.21e-07          0.0139125
  6.22e-07          0.0143194
  6.23e-07          0.014669
  6.24e-07          0.01499
  6.25e-07          0.0152638
  6.26e-07          0.015462
  6.27e-07          0.0155378
  6.28e-07          0.0154469
  6.29e-07          0.0154999
  6.3e-07          0.0154252
  6.31e-07          0.0154452
  6.32e-07          0.015475
  6.33e-07          0.015601
  6.34e-07          0.015706
  6.35e-07          0.0158016
  6.36e-07          0.0157389
  6.37e-07          0.0156034
  6.38e-07          0.0152669
  6.39e-07          0.0148928
  6.4e-07          0.0145434
  6.41e-07          0.0141823
  6.42e-07          0.0139506
  6.43e-07          0.0138396
  6.44e-07          0.0139806
  6.45e-07          0.014349
  6.46e-07          0.0149203
  6.47e-07          0.0156822
  6.48e-07          0.0165339
  6.49e-07          0.0173903
  6.5e-07          0.0181928
  6.51e-07          0.0187459
  6.52e-07          0.0190136
  6.53e-07          0.0190188
  6.54e-07          0.0186993
  6.55e-07          0.0182933
  6.56e-07          0.0176389
  6.57e-07          0.0173367
  6.58e-07          0.0169935
  6.59e-07          0.0167551
  6.6e-07          0.0166512
  6.61e-07          0.0166846
  6.62e-07          0.0167637
  6.63e-07          0.0168143
  6.64e-07          0.0168893
  6.65e-07          0.0168593
  6.66e-07          0.0166865
  6.67e-07          0.0164373
  6.68e-07          0.0161317
  6.69e-07          0.0158127
  6.7e-07          0.0155572
  6.71e-07          0.0153325
  6.72e-07          0.0152885
  6.73e-07          0.0153572
  6.74e-07          0.015535
  6.75e-07          0.0157973
  6.76e-07          0.0160546
  6.77e-07          0.0162842
  6.78e-07          0.0163685
  6.79e-07          0.0163379
  6.8e-07          0.0160672
  6.81e-07          0.0156538
  6.82e-07          0.0151114
  6.83e-07          0.014495
  6.84e-07          0.0138084
  6.85e-07          0.0131009
  6.86e-07          0.0125607
  6.87e-07          1.47249e-08
  6.88e-07          0.0116048
  6.89e-07          0.0114265
  6.9e-07          0.0112962
  6.91e-07          0.0111243
  6.92e-07          0.00759356
  6.93e-07          0.0108781
  6.94e-07          0.0106715
  6.95e-07          0.0104169
  6.96e-07          0.0101697
  6.97e-07          0.00988355
  6.98e-07          0.00958886
  6.99e-07          0.00933134
  7e-07          0.00895705
  7.01e-07          0.0089275
  7.02e-07          0.00880376
  7.03e-07          0.00869181
  7.04e-07          0.00864349
  7.05e-07          0.0085819
  7.06e-07          0.00858464
  7.07e-07          0.00862873
  7.08e-07          0.00864792
  7.09e-07          0.00862055
  7.1e-07          0.0086786
  7.11e-07          0.00885968
  7.12e-07          0.00891783
  7.13e-07          0.00898449
  7.14e-07          0.00915021
  7.15e-07          0.00937872
  7.16e-07          0.00952467
  7.17e-07          0.00885512
  7.18e-07          0.00975788
  7.19e-07          0.00986736
  7.2e-07          0.00981
  7.21e-07          0.0102275
  7.22e-07          0.00836069
  7.23e-07          0.0107954
  7.24e-07          0.0113582
  7.25e-07          0.0127943
  7.26e-07          0.0123216
  7.27e-07          0.0178912
  7.28e-07          0.0203797
  7.29e-07          0.0264932
  7.3e-07          0.034121
  7.31e-07          0.0413861
  7.32e-07          0.0478025
  7.33e-07          0.0580385
  7.34e-07          0.0669435
  7.35e-07          0.0739107
  7.36e-07          0.08513
  7.37e-07          0.0946453
  7.38e-07          0.103191
  7.39e-07          0.114102
  7.4e-07          0.123549
  7.41e-07          0.132228
  7.42e-07          0.140135
  7.43e-07          0.148505
  7.44e-07          0.154999
  7.45e-07          0.161235
  7.46e-07          0.166811
  7.47e-07          0.171369
  7.48e-07          0.175725
  7.49e-07          0.179563
  7.5e-07          0.182739
  7.51e-07          0.185529
  7.52e-07          0.187877
  7.53e-07          0.189521
  7.54e-07          0.190882
  7.55e-07          0.191619
  7.56e-07          0.192224
  7.57e-07          0.19229
  7.58e-07          0.192293
  7.59e-07          0.192035
  7.6e-07          0.166673
  7.61e-07          7.00344e-36
  7.62e-07          0.188783
  7.63e-07          0.110906
  7.64e-07          0.183381
  7.65e-07          0.186759
  7.66e-07          0.189626
  7.67e-07          0.189969
  7.68e-07          0.186929
  7.69e-07          0.18847
  7.7e-07          0.187654
  7.71e-07          0.186996
  7.72e-07          0.186413
  7.73e-07          0.186119
  7.74e-07          0.186104
  7.75e-07          0.18624
  7.76e-07          0.186353
  7.77e-07          0.186566
  7.78e-07          0.186698
  7.79e-07          0.1866
  7.8e-07          0.186485
  7.81e-07          0.186302
  7.82e-07          0.185855
  7.83e-07          0.185531
  7.84e-07          0.185314
  7.85e-07          0.184929
  7.86e-07          0.184624
  7.87e-07          0.184246
  7.88e-07          0.183846
  7.89e-07          0.183282
  7.9e-07          0.182483
  7.91e-07          0.181722
  7.92e-07          0.180423
  7.93e-07          0.179933
  7.94e-07          0.179247
  7.95e-07          0.17534
  7.96e-07          0.177524
  7.97e-07          0.177287
  7.98e-07          0.177445
  7.99e-07          0.177443
  8e-07          0.176882
  8.01e-07          0.172253
  8.02e-07          0.178019
  8.03e-07          0.159309
  8.04e-07          0.178227
  8.05e-07          0.179589
  8.06e-07          0.179879
  8.07e-07          0.179954
  8.08e-07          0.180485
  8.09e-07          0.180737
  8.1e-07          0.181012
  8.11e-07          0.172052
  8.12e-07          0.181383
  8.13e-07          0.181542
  8.14e-07          0.181402
  8.15e-07          0.180311
  8.16e-07          0.174243
  8.17e-07          0.179311
  8.18e-07          0.168247
  8.19e-07          0.179505
  8.2e-07          0.0224146
  8.21e-07          0.181852
  8.22e-07          0.178506
  8.23e-07          0.165259
  8.24e-07          0.179936
  8.25e-07          0.180146
  8.26e-07          0.177689
  8.27e-07          0.179838
  8.28e-07          0.178274
  8.29e-07          0.160437
  8.3e-07          0.178806
  8.31e-07          0.177742
  8.32e-07          0.176377
  8.33e-07          0.178463
  8.34e-07          0.177656
  8.35e-07          0.178094
  8.36e-07          0.176942
  8.37e-07          0.177548
  8.38e-07          0.177897
  8.39e-07          0.175187
  8.4e-07          0.17588
  8.41e-07          0.178403
  8.42e-07          0.17795
  8.43e-07          0.178552
  8.44e-07          0.17939
  8.45e-07          0.180023
  8.46e-07          0.180267
  8.47e-07          0.180025
  8.48e-07          0.17987
  8.49e-07          0.180524
  8.5e-07          0.180766
  8.51e-07          0.181211
  8.52e-07          0.181293
  8.53e-07          0.182597
  8.54e-07          0.183367
  8.55e-07          0.184245
  8.56e-07          0.18518
  8.57e-07          0.186164
  8.58e-07          0.186987
  8.59e-07          0.187889
  8.6e-07          0.188586
  8.61e-07          0.188797
  8.62e-07          0.188906
  8.63e-07          0.188914
  8.64e-07          0.188884
  8.65e-07          0.188817
  8.66e-07          0.188865
  8.67e-07          0.188899
  8.68e-07          0.188938
  8.69e-07          0.189153
  8.7e-07          0.189374
  8.71e-07          0.189971
  8.72e-07          0.190622
  8.73e-07          0.191414
  8.74e-07          0.19211
  8.75e-07          0.192675
  8.76e-07          0.193313
  8.77e-07          0.193903
  8.78e-07          0.194536
  8.79e-07          0.195086
  8.8e-07          0.195765
  8.81e-07          0.195714
  8.82e-07          0.19571
  8.83e-07          0.195849
  8.84e-07          0.195962
  8.85e-07          0.196047
  8.86e-07          0.19421
  8.87e-07          0.196214
  8.88e-07          0.193155
  8.89e-07          0.195872
  8.9e-07          0.195495
  8.91e-07          0.188046
  8.92e-07          0.17592
  8.93e-07          0.195522
  8.94e-07          0.195314
  8.95e-07          0.194891
  8.96e-07          0.193941
  8.97e-07          0.194306
  8.98e-07          0.194428
  8.99e-07          0.0365454
  9e-07          0.194645
  9.01e-07          0.0197034
  9.02e-07          0.187953
  9.03e-07          0.194004
  9.04e-07          0.195345
  9.05e-07          0.186157
  9.06e-07          0.194895
  9.07e-07          0.191721
  9.08e-07          0.194021
  9.09e-07          0.184713
  9.1e-07          0.191965
  9.11e-07          0.164554
  9.12e-07          0.181775
  9.13e-07          0.187708
  9.14e-07          0.183518
  9.15e-07          0.188223
  9.16e-07          0.186349
  9.17e-07          0.182867
  9.18e-07          0.183311
  9.19e-07          0.182999
  9.2e-07          0.183977
  9.21e-07          0.182593
  9.22e-07          0.137052
  9.23e-07          0.182376
  9.24e-07          0.17986
  9.25e-07          0.18087
  9.26e-07          0.180059
  9.27e-07          0.178067
  9.28e-07          0.131601
  9.29e-07          0.174393
  9.3e-07          0.143699
  9.31e-07          0.158491
  9.32e-07          0.143557
  9.33e-07          0.134774
  9.34e-07          0.143985
  9.35e-07          0.152066
  9.36e-07          0.000170377
  9.37e-07          0.125312
  9.38e-07          0.019699
  9.39e-07          0.112758
  9.4e-07          0.148127
  9.41e-07          0.142477
  9.42e-07          0.0595814
  9.43e-07          0.0679249
  9.44e-07          0.0694384
  9.45e-07          0.127721
  9.46e-07          0.121295
  9.47e-07          0.119612
  9.48e-07          0.118934
  9.49e-07          0.0788479
  9.5e-07          2.54851e-05
  9.51e-07          0.108717
  9.52e-07          0.00966105
  9.53e-07          0.0813801
  9.54e-07          0.10052
  9.55e-07          0.0896122
  9.56e-07          0.00096059
  9.57e-07          0.08957
  9.58e-07          0.0890951
  9.59e-07          0.0819238
  9.6e-07          0.0811892
  9.61e-07          0.0807794
  9.62e-07          0.0776913
  9.63e-07          0.0731886
  9.64e-07          3.09704e-05
  9.65e-07          0.0637413
  9.66e-07          0.0121079
  9.67e-07          0.0449663
  9.68e-07          0.0482545
  9.69e-07          0.0428668
  9.7e-07          0.0377556
  9.71e-07          0.032905
  9.72e-07          0.0280912
  9.73e-07          0.0239031
  9.74e-07          0.0175563
  9.75e-07          0.0164727
  9.76e-07          0.0124756
  9.77e-07          0.0110927
  9.78e-07          0.00896212
  9.79e-07          0.00731422
  9.8e-07          0.00666138
  9.81e-07          0.00608737
  9.82e-07          0.00575278
  9.83e-07          0.00564142
  9.84e-07          0.00560634
  9.85e-07          0.00558143
  9.86e-07          0.00530389
  9.87e-07          0.00549767
  9.88e-07          0.00543933
  9.89e-07          0.00534391
  9.9e-07          0.00519042
  9.91e-07          0.00511458
  9.92e-07          0.00499585
  9.93e-07          0.00485227
  9.94e-07          0.00474635
  9.95e-07          0.0046233
  9.96e-07          0.00448865
  9.97e-07          0.00426535
  9.98e-07          0.00419616
  9.99e-07          0.00406475
  1e-06          0.00390701
  1.001e-06          0.00374961
  1.002e-06          0.00357936
  1.003e-06          0.00342257
  1.004e-06          0.00322848
  1.005e-06          0.0031138
  1.006e-06          0.00297763
  1.007e-06          0.00285117
  1.008e-06          0.00273873
  1.009e-06          0.00258873
  1.01e-06          0.00256967
  1.011e-06          0.00251317
  1.012e-06          0.00247324
  1.013e-06          0.00244699
  1.014e-06          0.00243393
  1.015e-06          0.00243246
  1.016e-06          0.00244165
  1.017e-06          0.00245157
  1.018e-06          0.00246984
  1.019e-06          0.00248794
  1.02e-06          0.00250313
  1.021e-06          0.00251598
  1.022e-06          0.00252764
  1.023e-06          0.0025272
  1.024e-06          0.00244147
  1.025e-06          0.00250916
  1.026e-06          0.00248824
  1.027e-06          0.00246037
  1.028e-06          0.00242885
  1.029e-06          0.00239271
  1.03e-06          0.00234928
  1.031e-06          0.00230609
  1.032e-06          0.00226065
  1.033e-06          0.00221135
  1.034e-06          0.00216279
  1.035e-06          0.00211323
  1.036e-06          0.00206209
  1.037e-06          0.00201007
  1.038e-06          0.00195763
  1.039e-06          0.00190269
  1.04e-06          0.00184816
  1.041e-06          0.00178935
  1.042e-06          0.00173036
  1.043e-06          0.00166806
  1.044e-06          0.00160402
  1.045e-06          0.00153856
  1.046e-06          0.00147098
  1.047e-06          0.0014007
  1.048e-06          0.00133094
  1.049e-06          0.00126066
  1.05e-06          0.00116239
  1.051e-06          0.00109674
  1.052e-06          0.00103202
  1.053e-06          0.000948845
  1.054e-06          0.00088928
  1.055e-06          0.000817385
  1.056e-06          0.000765623
  1.057e-06          0.000713787
  1.058e-06          0.000650346
  1.059e-06          0.000605495
  1.06e-06          0.000569556
  1.061e-06          0.000530603
  1.062e-06          0.000493088
  1.063e-06          0.000459969
  1.064e-06          0.000433198
  1.065e-06          0.000404422
  1.066e-06          0.000378843
  1.067e-06          0.000364563
  1.068e-06          0.000342751
  1.069e-06          0.000328332
  1.07e-06          0.000318099
  1.071e-06          0.000305064
  1.072e-06          0.000294618
  1.073e-06          0.000281881
  1.074e-06          0.000270504
  1.075e-06          0.000262592
  1.076e-06          0.000253275
  1.077e-06          0.000242866
  1.078e-06          0.000235323
  1.079e-06          0.000222772
  1.08e-06          0.000212501
  1.081e-06          0.000200661
  1.082e-06          0.000188427
  1.083e-06          0.00017615
  1.084e-06          0.000163861
  1.085e-06          0.000150677
  1.086e-06          0.000135473
  1.087e-06          0.000124493
  1.088e-06          0.000111634
  1.089e-06          9.8801e-05
  1.09e-06          8.70384e-05
  1.091e-06          7.5716e-05
  1.092e-06          6.44998e-05
  1.093e-06          5.47049e-05
  1.094e-06          4.54488e-05
  1.095e-06          3.69896e-05
  1.096e-06          2.46637e-05
  1.097e-06          2.35668e-05
  1.098e-06          1.69372e-05
  1.099e-06          1.13896e-05
  1.1e-06          0
