V47_20150513222051938324.fits 0 101.635852 0.012825
V47_20150513222121939390.fits 0 101.635889 0.013075
V47_20150513222151940436.fits 0 101.635222 0.012865
V47_20150513222221941489.fits 0 101.636593 0.013615
V47_20150513222251942550.fits 0 101.635000 0.013655
V47_20150513222321943605.fits 0 101.635370 0.013547
V47_20150513222351944655.fits 0 101.635926 0.013754
V47_20150513222421945708.fits 0 101.636778 0.013647
V47_20150513222451946768.fits 0 101.637929 0.013692
V47_20150513222521947824.fits 0 101.637926 0.014126
V47_20150513222551948884.fits 0 101.637815 0.014305
V47_20150513222621949943.fits 0 101.638185 0.015249
V47_20150513222651950997.fits 0 101.637536 0.014800
V47_20150513222721952058.fits 0 101.636815 0.015635
V47_20150513222751953116.fits 0 101.637593 0.015152
V47_20150513222821954169.fits 0 101.638074 0.015863
V47_20150513222851955242.fits 0 101.638111 0.015468
V47_20150513222921956282.fits 0 101.637893 0.015304
