428
439
1475
2552
3937
4569
4856
4872
5496
5643
8051
8768
9291
9724
9786
10279
10395
10617
10812
11048
11964
12097
12781
13218
13389
15220
15638
16536
17609
19337
19394
21088
21556
21932
22627
22738
22762
23452
23512
23518
23932
24186
24284
25578
25878
25953
26801
26857
28035
28368
29052
29277
29295
30920
31292
31293
31635
31862
33142
33226
33499
34115
34603
35191
35353
36338
36626
36627
36834
36915
36985
37217
37288
37766
38082
38956
40501
41824
42220
42762
44722
45908
46655
46769
47103
47425
47513
47620
47650
47741
47780
48336
48714
49969
49986
50341
51007
51317
52596
53020
53985
54211
54532
55042
55360
56157
56244
56528
57050
57087
57544
57548
57802
59406
60559
60910
61094
61629
61706
61874
62452
63510
65011
65026
65714
65859
66625
66906
67155
67164
68469
69454
70475
70865
70890
70975
71253
71898
72896
72944
73470
74190
74995
75187
76074
76832
76901
78353
79431
79755
79762
80018
80346
80459
80824
82809
82817
83043
83599
83762
83945
84051
84099
84521
84790
84794
85523
85665
86057
86087
86162
86214
86287
86776
86990
87937
87938
88574
91430
91699
91768
91772
92403
92871
93069
93101
93206
93873
93899
94349
94761
97241
97292
99150
99701
100923
101180
102141
102401
102409
103039
103096
103441
103800
103910
104432
104644
106106
106255
106440
106811
108159
108569
108706
108782
109388
109555
109638
110893
111313
111802
112460
112774
112909
113020
113229
113296
114046
115332
115562
116132
116317
117473
117828