86.95670236
230.1331238
280.6902389
101.4334716
66.80842145
83.51813239
121.4237478
101.4650337
121.4486725
269.3628251
88.3391616
90.4253316
76.13347202
105.9465726
106.7094486
95.16193726
78.19361796
74.55451722
65.80117725
83.78285259
86.67534454
71.16068622
130.1870362
75.71880838
85.14425223
73.76446142
71.75752762
91.19159048
69.44943371
71.81300029
66.07143907
180.4214683
89.17083586
105.5627082
80.90357833
90.12369658
83.71816457
119.3398737
108.3262933
72.15057209
108.7230813
254.2263434
82.25873412
97.97904266
175.4287289
77.18012638
81.44667925
172.7067798
71.22899256
74.15235473
87.67258989
105.6940599
173.6955118
242.9658902
113.1455448
113.1205578
99.91637943
75.89075891
92.36042507
179.1642081
124.5740219
61.11284539
164.639532
86.851575
71.49472119
85.33779232
83.33601647
83.32673017
84.64992427
78.18544782
71.07912567
95.84014751
66.41064217
167.0186416
68.03463452
113.0896944
111.8418945
60.23676747
71.09567909
64.58348142
68.88761192
95.62790465
100.9992337
73.66833058
105.8829652
104.15376
86.55223114
84.3568328
84.19585371
69.49624256
106.2111921
76.23230567
94.93966365
86.64893433
129.7887262
74.23376739
78.00028204
142.188468
65.26657744
143.4970803
83.77649268
204.0591555
92.78211505
78.94095156
110.1683101
74.38781984
93.0715037
110.2908104
90.76232277
102.5014991
190.2624533
296.3072924
114.1375923
78.34531475
112.7372353
68.62138156
73.76396321
105.5121834
70.2163549
124.2526337
123.8214728
86.85698171
74.61018182
109.9837414
76.20729775
131.2428075
74.80508675
108.8252643
183.9835562
89.2264391
96.03979416
85.75171947
77.08843577
70.17737732
768.5003653
92.06969941
160.1141137
91.47759291
87.935034
100.6810673
85.37534836
68.49479131
158.7491998
87.37825684
169.0074389
68.34901573
105.8908034
75.23062196
68.78325832
92.87042804
92.89762497
117.3560381
127.4784856
154.4709614
232.2095317
153.8139108
153.9189115
96.31407231
95.63691873
71.16251524
134.5970829
78.35665431
83.14611987
66.1437184
81.75813794
92.98845344
219.8012491
98.84905124
103.3499876
69.82536716
219.7807268
199.7031041
122.5608922
104.9847699
169.8613334
547.4506196
71.47535326
129.3922024
74.71421188
92.5881132
283.9489272
283.8624454
336.1227963
89.79943253
81.13809432
90.04766177
70.65333627
113.3400788
113.2062713
106.2794089
169.1589926
72.72812019
71.74528024
67.93184774
162.3212209
69.87963018
123.7544867
101.716992
82.99677987
102.8294937
178.1243031
142.0340682
69.31115907
69.14021307
80.064213
84.70442121
63.3389176
147.6126436
134.0831255
201.4072653
76.22438098
64.35883153
86.51800743
109.8411758
94.74194592
113.5999652
85.28830592
62.78101507
249.9668403
77.02586471
112.3668787
198.0112097
68.95667204
66.41701832
213.8668619
116.4127193
145.6106595
304.219022
94.64893862
75.56539918
159.7098147
71.37409329
169.3584851
98.86312589