#####################################################################
#  MagAO-X Filter Curve
#
# magaox_sci1-ch4_bs-65-35_scibs-5050.dat
#
# Science CH4 bandpass with 65/35 B/S, without atmosphere
#
# Characteristics:
#    lambda_0:  8.75106e-07 [central wavelength, in m]
#    w_eff:     2.5723e-08 [effective width, in m]
#    FWHM:      2.50716e-08 [full-width at half max., in m]
#    Trans_max: 0.0430747 [maximum transmission]
#
# Vega Zero Point Flux Densities (calculated):
#    f_lambda_0: 0.00875975 [W/m^3 above atm]
#    f_nu_0:     2237.08 [Jy above atm]
#    f_phot_0:   3.85825e+16 [photons/s/m^3 above atm]
#
# Vega Zero Point Fluxes (calculated):
#    F_W_0: 6.84822e-09 [W at telescope aperture]
#    F_phot_0:   1.29927e+09 [photons/s at detector]
#
#####################################################################
# lambda [m]             transmission
#-------------------------------------------------
  8.063e-07          0
  8.064e-07          1.32903e-05
  8.065e-07          2.65837e-05
  8.066e-07          3.98803e-05
  8.067e-07          5.318e-05
  8.068e-07          6.64779e-05
  8.069e-07          7.9777e-05
  8.07e-07          7.98918e-05
  8.071e-07          7.99936e-05
  8.072e-07          8.00953e-05
  8.073e-07          8.01969e-05
  8.074e-07          8.02985e-05
  8.075e-07          8.0445e-05
  8.076e-07          8.05752e-05
  8.077e-07          8.07055e-05
  8.078e-07          8.07997e-05
  8.079e-07          8.08938e-05
  8.08e-07          8.09797e-05
  8.081e-07          8.10659e-05
  8.082e-07          8.11642e-05
  8.083e-07          8.12794e-05
  8.084e-07          8.13945e-05
  8.085e-07          8.15214e-05
  8.086e-07          8.16483e-05
  8.087e-07          8.17752e-05
  8.088e-07          8.19021e-05
  8.089e-07          8.20252e-05
  8.09e-07          8.21482e-05
  8.091e-07          8.22713e-05
  8.092e-07          8.2345e-05
  8.093e-07          8.24186e-05
  8.094e-07          8.24919e-05
  8.095e-07          8.26015e-05
  8.096e-07          8.27111e-05
  8.097e-07          8.28208e-05
  8.098e-07          8.29304e-05
  8.099e-07          8.30427e-05
  8.1e-07          8.31551e-05
  8.101e-07          8.3257e-05
  8.102e-07          8.33589e-05
  8.103e-07          8.34609e-05
  8.104e-07          8.35628e-05
  8.105e-07          8.36647e-05
  8.106e-07          8.37666e-05
  8.107e-07          8.38622e-05
  8.108e-07          8.39578e-05
  8.109e-07          8.40702e-05
  8.11e-07          8.42079e-05
  8.111e-07          8.43476e-05
  8.112e-07          8.44873e-05
  8.113e-07          8.46271e-05
  8.114e-07          8.4608e-05
  8.115e-07          8.45718e-05
  8.116e-07          8.46791e-05
  8.117e-07          8.47863e-05
  8.118e-07          8.48937e-05
  8.119e-07          8.5001e-05
  8.12e-07          8.51083e-05
  8.121e-07          8.52008e-05
  8.122e-07          8.53101e-05
  8.123e-07          8.54193e-05
  8.124e-07          8.55582e-05
  8.125e-07          8.56971e-05
  8.126e-07          8.58361e-05
  8.127e-07          8.59751e-05
  8.128e-07          8.60713e-05
  8.129e-07          8.61674e-05
  8.13e-07          8.62636e-05
  8.131e-07          8.62775e-05
  8.132e-07          8.6291e-05
  8.133e-07          8.63045e-05
  8.134e-07          8.63593e-05
  8.135e-07          8.64284e-05
  8.136e-07          8.64974e-05
  8.137e-07          8.65957e-05
  8.138e-07          8.6694e-05
  8.139e-07          8.67923e-05
  8.14e-07          8.68906e-05
  8.141e-07          8.70042e-05
  8.142e-07          8.71307e-05
  8.143e-07          8.72571e-05
  8.144e-07          8.73836e-05
  8.145e-07          8.75101e-05
  8.146e-07          8.763e-05
  8.147e-07          8.77498e-05
  8.148e-07          8.78525e-05
  8.149e-07          8.79456e-05
  8.15e-07          8.80387e-05
  8.151e-07          8.8124e-05
  8.152e-07          8.82093e-05
  8.153e-07          8.82531e-05
  8.154e-07          8.82968e-05
  8.155e-07          8.83802e-05
  8.156e-07          8.85082e-05
  8.157e-07          8.86361e-05
  8.158e-07          8.87805e-05
  8.159e-07          8.89249e-05
  8.16e-07          8.90069e-05
  8.161e-07          8.90919e-05
  8.162e-07          8.9177e-05
  8.163e-07          8.92659e-05
  8.164e-07          8.93457e-05
  8.165e-07          8.94255e-05
  8.166e-07          8.95053e-05
  8.167e-07          8.9526e-05
  8.168e-07          8.95757e-05
  8.169e-07          8.96344e-05
  8.17e-07          8.97551e-05
  8.171e-07          8.98727e-05
  8.172e-07          8.99903e-05
  8.173e-07          9.01079e-05
  8.174e-07          9.0198e-05
  8.175e-07          9.0288e-05
  8.176e-07          9.03779e-05
  8.177e-07          9.04789e-05
  8.178e-07          9.05798e-05
  8.179e-07          9.06807e-05
  8.18e-07          9.07816e-05
  8.181e-07          9.08973e-05
  8.182e-07          9.10129e-05
  8.183e-07          9.11286e-05
  8.184e-07          9.12443e-05
  8.185e-07          9.13811e-05
  8.186e-07          9.15181e-05
  8.187e-07          9.16384e-05
  8.188e-07          9.17162e-05
  8.189e-07          9.17939e-05
  8.19e-07          9.18715e-05
  8.191e-07          9.19543e-05
  8.192e-07          9.20471e-05
  8.193e-07          9.214e-05
  8.194e-07          9.22499e-05
  8.195e-07          9.23351e-05
  8.196e-07          9.24203e-05
  8.197e-07          9.25053e-05
  8.198e-07          9.258e-05
  8.199e-07          9.26545e-05
  8.2e-07          9.27122e-05
  8.201e-07          9.27428e-05
  8.202e-07          9.28197e-05
  8.203e-07          9.28966e-05
  8.204e-07          9.29734e-05
  8.205e-07          9.30502e-05
  8.206e-07          9.31197e-05
  8.207e-07          9.32053e-05
  8.208e-07          9.32909e-05
  8.209e-07          9.33836e-05
  8.21e-07          9.34764e-05
  8.211e-07          9.35758e-05
  8.212e-07          9.36753e-05
  8.213e-07          9.37632e-05
  8.214e-07          9.3851e-05
  8.215e-07          9.39387e-05
  8.216e-07          9.406e-05
  8.217e-07          9.41814e-05
  8.218e-07          9.43027e-05
  8.219e-07          9.43632e-05
  8.22e-07          9.44236e-05
  8.221e-07          9.44759e-05
  8.222e-07          9.45282e-05
  8.223e-07          9.46026e-05
  8.224e-07          9.46769e-05
  8.225e-07          9.47512e-05
  8.226e-07          9.48254e-05
  8.227e-07          9.48565e-05
  8.228e-07          9.48874e-05
  8.229e-07          9.49181e-05
  8.23e-07          9.49488e-05
  8.231e-07          9.49437e-05
  8.232e-07          9.49384e-05
  8.233e-07          9.49328e-05
  8.234e-07          9.49914e-05
  8.235e-07          9.50498e-05
  8.236e-07          9.51259e-05
  8.237e-07          9.5202e-05
  8.238e-07          9.52586e-05
  8.239e-07          9.53152e-05
  8.24e-07          9.53789e-05
  8.241e-07          9.54375e-05
  8.242e-07          9.5496e-05
  8.243e-07          9.55543e-05
  8.244e-07          9.56125e-05
  8.245e-07          9.56905e-05
  8.246e-07          9.57521e-05
  8.247e-07          9.58137e-05
  8.248e-07          9.58871e-05
  8.249e-07          9.59605e-05
  8.25e-07          9.60338e-05
  8.251e-07          9.61135e-05
  8.252e-07          9.6216e-05
  8.253e-07          9.63348e-05
  8.254e-07          9.64536e-05
  8.255e-07          9.65494e-05
  8.256e-07          9.66452e-05
  8.257e-07          9.67409e-05
  8.258e-07          9.68366e-05
  8.259e-07          9.67944e-05
  8.26e-07          9.6752e-05
  8.261e-07          9.68317e-05
  8.262e-07          9.69115e-05
  8.263e-07          9.69911e-05
  8.264e-07          9.70708e-05
  8.265e-07          9.71504e-05
  8.266e-07          9.72401e-05
  8.267e-07          9.73298e-05
  8.268e-07          9.74195e-05
  8.269e-07          9.75259e-05
  8.27e-07          9.76322e-05
  8.271e-07          9.77378e-05
  8.272e-07          9.78433e-05
  8.273e-07          9.78515e-05
  8.274e-07          9.78546e-05
  8.275e-07          9.78574e-05
  8.276e-07          9.786e-05
  8.277e-07          9.79286e-05
  8.278e-07          9.7996e-05
  8.279e-07          9.80633e-05
  8.28e-07          9.81384e-05
  8.281e-07          9.82139e-05
  8.282e-07          9.82894e-05
  8.283e-07          9.83648e-05
  8.284e-07          9.83961e-05
  8.285e-07          9.84273e-05
  8.286e-07          9.84584e-05
  8.287e-07          9.85335e-05
  8.288e-07          9.86086e-05
  8.289e-07          9.86837e-05
  8.29e-07          9.87587e-05
  8.291e-07          9.88261e-05
  8.292e-07          9.89319e-05
  8.293e-07          9.90376e-05
  8.294e-07          9.91432e-05
  8.295e-07          9.92487e-05
  8.296e-07          9.93542e-05
  8.297e-07          9.94138e-05
  8.298e-07          9.94734e-05
  8.299e-07          9.95329e-05
  8.3e-07          9.95923e-05
  8.301e-07          9.96835e-05
  8.302e-07          9.97747e-05
  8.303e-07          9.98659e-05
  8.304e-07          9.99571e-05
  8.305e-07          0.000100012
  8.306e-07          0.000100018
  8.307e-07          0.000100024
  8.308e-07          0.000100071
  8.309e-07          0.000100165
  8.31e-07          0.000100259
  8.311e-07          0.000100339
  8.312e-07          0.000100365
  8.313e-07          0.000100392
  8.314e-07          0.000100402
  8.315e-07          0.000100411
  8.316e-07          0.0001004
  8.317e-07          0.000100388
  8.318e-07          0.000100452
  8.319e-07          0.000100517
  8.32e-07          0.000100581
  8.321e-07          0.000100647
  8.322e-07          0.000100712
  8.323e-07          0.000100767
  8.324e-07          0.000100839
  8.325e-07          0.000100926
  8.326e-07          0.000100997
  8.327e-07          0.000101067
  8.328e-07          0.000101138
  8.329e-07          0.000101208
  8.33e-07          0.000101295
  8.331e-07          0.000101378
  8.332e-07          0.00010146
  8.333e-07          0.000101498
  8.334e-07          0.000101535
  8.335e-07          0.000101573
  8.336e-07          0.00010161
  8.337e-07          0.00010166
  8.338e-07          0.000101709
  8.339e-07          0.000101786
  8.34e-07          0.000101863
  8.341e-07          0.000101945
  8.342e-07          0.000102027
  8.343e-07          0.000102108
  8.344e-07          0.000102213
  8.345e-07          0.000102317
  8.346e-07          0.000102422
  8.347e-07          0.000102426
  8.348e-07          0.000102429
  8.349e-07          0.000102432
  8.35e-07          0.000102435
  8.351e-07          0.00010248
  8.352e-07          0.000102525
  8.353e-07          0.00010257
  8.354e-07          0.000102662
  8.355e-07          0.000102754
  8.356e-07          0.000102846
  8.357e-07          0.000102922
  8.358e-07          0.000102999
  8.359e-07          0.000103075
  8.36e-07          0.000103151
  8.361e-07          0.000103229
  8.362e-07          0.000103297
  8.363e-07          0.000103366
  8.364e-07          0.00010345
  8.365e-07          0.000103568
  8.366e-07          0.000103686
  8.367e-07          0.000103805
  8.368e-07          0.000103923
  8.369e-07          0.000103899
  8.37e-07          0.000103858
  8.371e-07          0.000103817
  8.372e-07          0.000103889
  8.373e-07          0.000103961
  8.374e-07          0.000104033
  8.375e-07          0.000104105
  8.376e-07          0.000104172
  8.377e-07          0.000104255
  8.378e-07          0.000104339
  8.379e-07          0.000104404
  8.38e-07          0.00010447
  8.381e-07          0.000104536
  8.382e-07          0.000104602
  8.383e-07          0.000104669
  8.384e-07          0.000104725
  8.385e-07          0.000104781
  8.386e-07          0.000104842
  8.387e-07          0.000104904
  8.388e-07          0.000104965
  8.389e-07          0.000105037
  8.39e-07          0.000105048
  8.391e-07          0.000105058
  8.392e-07          0.000105068
  8.393e-07          0.000105157
  8.394e-07          0.000105246
  8.395e-07          0.000105336
  8.396e-07          0.000105425
  8.397e-07          0.0001055
  8.398e-07          0.000105575
  8.399e-07          0.00010565
  8.4e-07          0.000105712
  8.401e-07          0.000105813
  8.402e-07          0.000105898
  8.403e-07          0.000105983
  8.404e-07          0.000106095
  8.405e-07          0.000106207
  8.406e-07          0.000106319
  8.407e-07          0.000106432
  8.408e-07          0.000106535
  8.409e-07          0.000106638
  8.41e-07          0.000106741
  8.411e-07          0.000106794
  8.412e-07          0.000106847
  8.413e-07          0.000106899
  8.414e-07          0.000106951
  8.415e-07          0.000107053
  8.416e-07          0.000107155
  8.417e-07          0.000107256
  8.418e-07          0.000107353
  8.419e-07          0.000107449
  8.42e-07          0.000107546
  8.421e-07          0.000107615
  8.422e-07          0.000107683
  8.423e-07          0.000107767
  8.424e-07          0.000107851
  8.425e-07          0.000107963
  8.426e-07          0.000108075
  8.427e-07          0.000108186
  8.428e-07          0.000108298
  8.429e-07          0.000108385
  8.43e-07          0.000108471
  8.431e-07          0.000108552
  8.432e-07          0.000108583
  8.433e-07          0.000108613
  8.434e-07          0.000108643
  8.435e-07          0.000108673
  8.436e-07          0.000108751
  8.437e-07          0.000108828
  8.438e-07          0.000108933
  8.439e-07          0.000109039
  8.44e-07          0.000109165
  8.441e-07          0.000109291
  8.442e-07          0.000109379
  8.443e-07          0.000109466
  8.444e-07          0.000109554
  8.445e-07          0.000109641
  8.446e-07          0.000109729
  8.447e-07          0.000109798
  8.448e-07          0.000109867
  8.449e-07          0.000109951
  8.45e-07          0.000110073
  8.451e-07          0.000110198
  8.452e-07          0.000110323
  8.453e-07          0.000110448
  8.454e-07          0.000110568
  8.455e-07          0.000110687
  8.456e-07          0.000110807
  8.457e-07          0.000110936
  8.458e-07          0.000111066
  8.459e-07          0.000111195
  8.46e-07          0.000111324
  8.461e-07          0.000111349
  8.462e-07          0.000111374
  8.463e-07          0.000111398
  8.464e-07          0.000111501
  8.465e-07          0.000111604
  8.466e-07          0.000111707
  8.467e-07          0.00011181
  8.468e-07          0.000111917
  8.469e-07          0.000112025
  8.47e-07          0.000112132
  8.471e-07          0.000112276
  8.472e-07          0.000112421
  8.473e-07          0.000112565
  8.474e-07          0.00011271
  8.475e-07          0.000112813
  8.476e-07          0.000112916
  8.477e-07          0.000113018
  8.478e-07          0.000113166
  8.479e-07          0.000113314
  8.48e-07          0.000113413
  8.481e-07          0.000113509
  8.482e-07          0.000113519
  8.483e-07          0.000113529
  8.484e-07          0.000113539
  8.485e-07          0.000113604
  8.486e-07          0.000113669
  8.487e-07          0.000113734
  8.488e-07          0.000113826
  8.489e-07          0.000113952
  8.49e-07          0.000114078
  8.491e-07          0.00011421
  8.492e-07          0.000114341
  8.493e-07          0.000114422
  8.494e-07          0.000119176
  8.495e-07          0.000123929
  8.496e-07          0.000128666
  8.497e-07          0.0001334
  8.498e-07          0.00013813
  8.499e-07          0.000142941
  8.5e-07          0.000147753
  8.501e-07          0.000152581
  8.502e-07          0.000157413
  8.503e-07          0.000162241
  8.504e-07          0.000167073
  8.505e-07          0.000171907
  8.506e-07          0.000176743
  8.507e-07          0.000181365
  8.508e-07          0.00019224
  8.509e-07          0.000203094
  8.51e-07          0.000214084
  8.511e-07          0.00022508
  8.512e-07          0.000236074
  8.513e-07          0.000247183
  8.514e-07          0.000258263
  8.515e-07          0.000269348
  8.516e-07          0.000280438
  8.517e-07          0.000291443
  8.518e-07          0.000302445
  8.519e-07          0.000313445
  8.52e-07          0.00032294
  8.521e-07          0.000332431
  8.522e-07          0.000341923
  8.523e-07          0.000351416
  8.524e-07          0.00036099
  8.525e-07          0.00037057
  8.526e-07          0.000380156
  8.527e-07          0.000412859
  8.528e-07          0.00044552
  8.529e-07          0.000478192
  8.53e-07          0.000492402
  8.531e-07          0.00050669
  8.532e-07          0.000520985
  8.533e-07          0.000535286
  8.534e-07          0.000549594
  8.535e-07          0.000563583
  8.536e-07          0.000577611
  8.537e-07          0.000593893
  8.538e-07          0.000610161
  8.539e-07          0.00062243
  8.54e-07          0.000634694
  8.541e-07          0.000647243
  8.542e-07          0.000659798
  8.543e-07          0.000672359
  8.544e-07          0.000684927
  8.545e-07          0.0006975
  8.546e-07          0.000709956
  8.547e-07          0.00074321
  8.548e-07          0.000776481
  8.549e-07          0.00080915
  8.55e-07          0.00083234
  8.551e-07          0.000855414
  8.552e-07          0.000878458
  8.553e-07          0.000901834
  8.554e-07          0.0009252
  8.555e-07          0.000948554
  8.556e-07          0.000972301
  8.557e-07          0.00103858
  8.558e-07          0.00110489
  8.559e-07          0.00117124
  8.56e-07          0.00125935
  8.561e-07          0.00134753
  8.562e-07          0.00138113
  8.563e-07          0.00141475
  8.564e-07          0.00144841
  8.565e-07          0.00148209
  8.566e-07          0.00151193
  8.567e-07          0.00154029
  8.568e-07          0.00156861
  8.569e-07          0.0015969
  8.57e-07          0.00171789
  8.571e-07          0.00183881
  8.572e-07          0.00195975
  8.573e-07          0.00204785
  8.574e-07          0.00213639
  8.575e-07          0.00222497
  8.576e-07          0.00233164
  8.577e-07          0.00243836
  8.578e-07          0.002545
  8.579e-07          0.0026517
  8.58e-07          0.00275843
  8.581e-07          0.00286402
  8.582e-07          0.00296956
  8.583e-07          0.00322281
  8.584e-07          0.00347595
  8.585e-07          0.00373071
  8.586e-07          0.00400531
  8.587e-07          0.00428005
  8.588e-07          0.00455517
  8.589e-07          0.00471519
  8.59e-07          0.00487531
  8.591e-07          0.00503533
  8.592e-07          0.00519323
  8.593e-07          0.00545753
  8.594e-07          0.00572174
  8.595e-07          0.00598865
  8.596e-07          0.00652254
  8.597e-07          0.00705656
  8.598e-07          0.0075907
  8.599e-07          0.00799729
  8.6e-07          0.0084035
  8.601e-07          0.00880704
  8.602e-07          0.0091094
  8.603e-07          0.00941115
  8.604e-07          0.0097123
  8.605e-07          0.0100147
  8.606e-07          0.0108729
  8.607e-07          0.0117304
  8.608e-07          0.0125871
  8.609e-07          0.0130568
  8.61e-07          0.0135266
  8.611e-07          0.0139964
  8.612e-07          0.0147994
  8.613e-07          0.015601
  8.614e-07          0.0164025
  8.615e-07          0.0170919
  8.616e-07          0.0177803
  8.617e-07          0.0184686
  8.618e-07          0.0191567
  8.619e-07          0.0200032
  8.62e-07          0.0208494
  8.621e-07          0.0214735
  8.622e-07          0.0220973
  8.623e-07          0.0227125
  8.624e-07          0.0233268
  8.625e-07          0.0242379
  8.626e-07          0.0251479
  8.627e-07          0.0260672
  8.628e-07          0.0264987
  8.629e-07          0.0269299
  8.63e-07          0.027361
  8.631e-07          0.0277947
  8.632e-07          0.0287653
  8.633e-07          0.0297357
  8.634e-07          0.0307104
  8.635e-07          0.031592
  8.636e-07          0.0324737
  8.637e-07          0.0333554
  8.638e-07          0.0336892
  8.639e-07          0.0340229
  8.64e-07          0.0343661
  8.641e-07          0.0347091
  8.642e-07          0.03592
  8.643e-07          0.0371309
  8.644e-07          0.037418
  8.645e-07          0.0377043
  8.646e-07          0.0379898
  8.647e-07          0.0382744
  8.648e-07          0.0386548
  8.649e-07          0.0390349
  8.65e-07          0.0394148
  8.651e-07          0.0398066
  8.652e-07          0.0402016
  8.653e-07          0.0405964
  8.654e-07          0.0409834
  8.655e-07          0.0414036
  8.656e-07          0.0418236
  8.657e-07          0.0422436
  8.658e-07          0.0424991
  8.659e-07          0.0427405
  8.66e-07          0.0429815
  8.661e-07          0.0429953
  8.662e-07          0.0430091
  8.663e-07          0.043031
  8.664e-07          0.0430528
  8.665e-07          0.0430747
  8.666e-07          0.043058
  8.667e-07          0.0430412
  8.668e-07          0.0430083
  8.669e-07          0.0429754
  8.67e-07          0.0429757
  8.671e-07          0.0429764
  8.672e-07          0.0429771
  8.673e-07          0.0429677
  8.674e-07          0.0429613
  8.675e-07          0.042955
  8.676e-07          0.0429486
  8.677e-07          0.0429356
  8.678e-07          0.0429226
  8.679e-07          0.0429095
  8.68e-07          0.042924
  8.681e-07          0.0429393
  8.682e-07          0.0429546
  8.683e-07          0.0429699
  8.684e-07          0.0429365
  8.685e-07          0.0429032
  8.686e-07          0.0428699
  8.687e-07          0.0428203
  8.688e-07          0.0427863
  8.689e-07          0.0427523
  8.69e-07          0.0427183
  8.691e-07          0.0426999
  8.692e-07          0.0426815
  8.693e-07          0.0426631
  8.694e-07          0.0426363
  8.695e-07          0.0426096
  8.696e-07          0.0425828
  8.697e-07          0.0425538
  8.698e-07          0.0424806
  8.699e-07          0.0424073
  8.7e-07          0.042334
  8.701e-07          0.0423153
  8.702e-07          0.0422966
  8.703e-07          0.0422862
  8.704e-07          0.0422758
  8.705e-07          0.042278
  8.706e-07          0.0422802
  8.707e-07          0.0422823
  8.708e-07          0.0422888
  8.709e-07          0.0422863
  8.71e-07          0.042292
  8.711e-07          0.0422978
  8.712e-07          0.0423145
  8.713e-07          0.0423311
  8.714e-07          0.0423478
  8.715e-07          0.0423645
  8.716e-07          0.0423558
  8.717e-07          0.0423489
  8.718e-07          0.042342
  8.719e-07          0.0423206
  8.72e-07          0.0422991
  8.721e-07          0.0422769
  8.722e-07          0.0422946
  8.723e-07          0.0423122
  8.724e-07          0.0423298
  8.725e-07          0.0423474
  8.726e-07          0.0423505
  8.727e-07          0.0423535
  8.728e-07          0.0423565
  8.729e-07          0.0423595
  8.73e-07          0.042336
  8.731e-07          0.0423132
  8.732e-07          0.0422903
  8.733e-07          0.0422894
  8.734e-07          0.0422885
  8.735e-07          0.0422875
  8.736e-07          0.04229
  8.737e-07          0.0423072
  8.738e-07          0.0423243
  8.739e-07          0.0423415
  8.74e-07          0.0423562
  8.741e-07          0.0423694
  8.742e-07          0.0423825
  8.743e-07          0.0423942
  8.744e-07          0.042406
  8.745e-07          0.0424177
  8.746e-07          0.0424294
  8.747e-07          0.04243
  8.748e-07          0.0424306
  8.749e-07          0.042436
  8.75e-07          0.0424413
  8.751e-07          0.0424357
  8.752e-07          0.0424302
  8.753e-07          0.0424245
  8.754e-07          0.0424189
  8.755e-07          0.0424324
  8.756e-07          0.0424362
  8.757e-07          0.04244
  8.758e-07          0.0424376
  8.759e-07          0.0424352
  8.76e-07          0.0424327
  8.761e-07          0.042428
  8.762e-07          0.0423411
  8.763e-07          0.0422541
  8.764e-07          0.042253
  8.765e-07          0.0422518
  8.766e-07          0.0422507
  8.767e-07          0.0422496
  8.768e-07          0.0422484
  8.769e-07          0.0422553
  8.77e-07          0.0422623
  8.771e-07          0.0422716
  8.772e-07          0.0422809
  8.773e-07          0.0422902
  8.774e-07          0.0422995
  8.775e-07          0.0423088
  8.776e-07          0.042315
  8.777e-07          0.0423212
  8.778e-07          0.0423274
  8.779e-07          0.0423247
  8.78e-07          0.0423217
  8.781e-07          0.0423088
  8.782e-07          0.0422958
  8.783e-07          0.0422262
  8.784e-07          0.0421565
  8.785e-07          0.0421594
  8.786e-07          0.0421622
  8.787e-07          0.042165
  8.788e-07          0.0421678
  8.789e-07          0.0421627
  8.79e-07          0.0421281
  8.791e-07          0.042095
  8.792e-07          0.0420619
  8.793e-07          0.0420294
  8.794e-07          0.0419969
  8.795e-07          0.0419698
  8.796e-07          0.0419428
  8.797e-07          0.0419289
  8.798e-07          0.041915
  8.799e-07          0.0419012
  8.8e-07          0.0418873
  8.801e-07          0.0418658
  8.802e-07          0.0418622
  8.803e-07          0.0418585
  8.804e-07          0.0418593
  8.805e-07          0.0418601
  8.806e-07          0.0418609
  8.807e-07          0.0418616
  8.808e-07          0.0418505
  8.809e-07          0.0418393
  8.81e-07          0.0418281
  8.811e-07          0.0418063
  8.812e-07          0.0417845
  8.813e-07          0.0417627
  8.814e-07          0.0417409
  8.815e-07          0.0416996
  8.816e-07          0.0416582
  8.817e-07          0.0416169
  8.818e-07          0.0416059
  8.819e-07          0.041595
  8.82e-07          0.041584
  8.821e-07          0.04157
  8.822e-07          0.0415561
  8.823e-07          0.041542
  8.824e-07          0.041528
  8.825e-07          0.0414968
  8.826e-07          0.0414656
  8.827e-07          0.0414344
  8.828e-07          0.0413787
  8.829e-07          0.0413472
  8.83e-07          0.0413157
  8.831e-07          0.0413039
  8.832e-07          0.0412679
  8.833e-07          0.0412319
  8.834e-07          0.0411803
  8.835e-07          0.0411288
  8.836e-07          0.0410925
  8.837e-07          0.0410563
  8.838e-07          0.0406256
  8.839e-07          0.0401953
  8.84e-07          0.0397655
  8.841e-07          0.0395914
  8.842e-07          0.0394329
  8.843e-07          0.0392745
  8.844e-07          0.0392217
  8.845e-07          0.039169
  8.846e-07          0.0391162
  8.847e-07          0.0383057
  8.848e-07          0.03749
  8.849e-07          0.0366764
  8.85e-07          0.0359007
  8.851e-07          0.0352356
  8.852e-07          0.034571
  8.853e-07          0.033907
  8.854e-07          0.0334343
  8.855e-07          0.0329625
  8.856e-07          0.0324915
  8.857e-07          0.0315518
  8.858e-07          0.0306136
  8.859e-07          0.0296769
  8.86e-07          0.0288738
  8.861e-07          0.0280786
  8.862e-07          0.0272843
  8.863e-07          0.0268965
  8.864e-07          0.026509
  8.865e-07          0.0261218
  8.866e-07          0.0257349
  8.867e-07          0.0247356
  8.868e-07          0.0237286
  8.869e-07          0.0227231
  8.87e-07          0.0222953
  8.871e-07          0.0218784
  8.872e-07          0.0214617
  8.873e-07          0.0210452
  8.874e-07          0.0205531
  8.875e-07          0.0200623
  8.876e-07          0.0195718
  8.877e-07          0.0186337
  8.878e-07          0.0176851
  8.879e-07          0.0167381
  8.88e-07          0.0160769
  8.881e-07          0.015417
  8.882e-07          0.0150345
  8.883e-07          0.0146522
  8.884e-07          0.0142701
  8.885e-07          0.0138881
  8.886e-07          0.0132818
  8.887e-07          0.0126763
  8.888e-07          0.0120718
  8.889e-07          0.0114662
  8.89e-07          0.0110343
  8.891e-07          0.010603
  8.892e-07          0.0101725
  8.893e-07          0.00981546
  8.894e-07          0.00945867
  8.895e-07          0.00910211
  8.896e-07          0.00860659
  8.897e-07          0.008112
  8.898e-07          0.00761836
  8.899e-07          0.00712566
  8.9e-07          0.0068553
  8.901e-07          0.00658784
  8.902e-07          0.00632054
  8.903e-07          0.00585079
  8.904e-07          0.00538091
  8.905e-07          0.00509404
  8.906e-07          0.00480708
  8.907e-07          0.00452005
  8.908e-07          0.00423293
  8.909e-07          0.00411305
  8.91e-07          0.00399041
  8.911e-07          0.00386782
  8.912e-07          0.00374536
  8.913e-07          0.00352871
  8.914e-07          0.00331437
  8.915e-07          0.0031
  8.916e-07          0.00289882
  8.917e-07          0.00269686
  8.918e-07          0.002495
  8.919e-07          0.00238249
  8.92e-07          0.00227003
  8.921e-07          0.00215629
  8.922e-07          0.00209457
  8.923e-07          0.00203296
  8.924e-07          0.0019733
  8.925e-07          0.00191362
  8.926e-07          0.00185394
  8.927e-07          0.00179425
  8.928e-07          0.0017342
  8.929e-07          0.00164558
  8.93e-07          0.00155699
  8.931e-07          0.00146837
  8.932e-07          0.00140074
  8.933e-07          0.00133322
  8.934e-07          0.00126584
  8.935e-07          0.0011995
  8.936e-07          0.00114052
  8.937e-07          0.00108157
  8.938e-07          0.00102264
  8.939e-07          0.000998467
  8.94e-07          0.00097429
  8.941e-07          0.000950147
  8.942e-07          0.000926
  8.943e-07          0.00090185
  8.944e-07          0.000877696
  8.945e-07          0.000855623
  8.946e-07          0.000833543
  8.947e-07          0.000811458
  8.948e-07          0.000789366
  8.949e-07          0.000774436
  8.95e-07          0.000759511
  8.951e-07          0.000744552
  8.952e-07          0.0007296
  8.953e-07          0.000713766
  8.954e-07          0.000698092
  8.955e-07          0.000666253
  8.956e-07          0.000635287
  8.957e-07          0.000604324
  8.958e-07          0.000573364
  8.959e-07          0.000551734
  8.96e-07          0.000530052
  8.961e-07          0.000508387
  8.962e-07          0.000486951
  8.963e-07          0.000465501
  8.964e-07          0.000458271
  8.965e-07          0.000451039
  8.966e-07          0.000443836
  8.967e-07          0.00043663
  8.968e-07          0.000429421
  8.969e-07          0.000422209
  8.97e-07          0.000414794
  8.971e-07          0.000407293
  8.972e-07          0.00040235
  8.973e-07          0.000397604
  8.974e-07          0.000392466
  8.975e-07          0.000387336
  8.976e-07          0.000382216
  8.977e-07          0.000377105
  8.978e-07          0.000368858
  8.979e-07          0.00036061
  8.98e-07          0.000352363
  8.981e-07          0.000344288
  8.982e-07          0.000336205
  8.983e-07          0.000328113
  8.984e-07          0.000320014
  8.985e-07          0.00031462
  8.986e-07          0.000309244
  8.987e-07          0.000303886
  8.988e-07          0.000299058
  8.989e-07          0.000294233
  8.99e-07          0.00028941
  8.991e-07          0.000285263
  8.992e-07          0.000281201
  8.993e-07          0.000277138
  8.994e-07          0.000273076
  8.995e-07          0.000269047
  8.996e-07          0.000265016
  8.997e-07          0.000260984
  8.998e-07          0.000256274
  8.999e-07          0.000251532
  9e-07          0.000246791
  9.001e-07          0.000242009
  9.002e-07          0.000237159
  9.003e-07          0.000232353
  9.004e-07          0.000228226
  9.005e-07          0.000224101
  9.006e-07          0.000219705
  9.007e-07          0.000215322
  9.008e-07          0.00021095
  9.009e-07          0.000206849
  9.01e-07          0.00020275
  9.011e-07          0.000202786
  9.012e-07          0.000202823
  9.013e-07          0.000202921
  9.014e-07          0.000203019
  9.015e-07          0.000203117
  9.016e-07          0.000203216
  9.017e-07          0.000203263
  9.018e-07          0.000203311
  9.019e-07          0.000203359
  9.02e-07          0.000203421
  9.021e-07          0.000203476
  9.022e-07          0.00020353
  9.023e-07          0.000203596
  9.024e-07          0.000203663
  9.025e-07          0.000203729
  9.026e-07          0.000203795
  9.027e-07          0.000203622
  9.028e-07          0.000203449
  9.029e-07          0.000203276
  9.03e-07          0.000194924
  9.031e-07          0.000186705
  9.032e-07          0.000178497
  9.033e-07          0.000170299
  9.034e-07          0.000162196
  9.035e-07          0.000154094
  9.036e-07          0.000145995
  9.037e-07          0.000146069
  9.038e-07          0.000146152
  9.039e-07          0.000146234
  9.04e-07          0.000146316
  9.041e-07          0.000146378
  9.042e-07          0.00014644
  9.043e-07          0.000146488
  9.044e-07          0.000146554
  9.045e-07          0.00014662
  9.046e-07          0.000146686
  9.047e-07          0.000146753
  9.048e-07          0.000146589
  9.049e-07          0.000146424
  9.05e-07          0.000146259
  9.051e-07          0.000146112
  9.052e-07          0.000146091
  9.053e-07          0.00014607
  9.054e-07          0.000146049
  9.055e-07          0.000146132
  9.056e-07          0.000146214
  9.057e-07          0.00014631
  9.058e-07          0.000146406
  9.059e-07          0.000146501
  9.06e-07          0.000146597
  9.061e-07          0.000146685
  9.062e-07          0.000146772
  9.063e-07          0.00014679
  9.064e-07          0.000146808
  9.065e-07          0.000146893
  9.066e-07          0.000146978
  9.067e-07          0.000147063
  9.068e-07          0.000147149
  9.069e-07          0.000147234
  9.07e-07          0.000147075
  9.071e-07          0.000146921
  9.072e-07          0.000146766
  9.073e-07          0.000146793
  9.074e-07          0.00014682
  9.075e-07          0.000146775
  9.076e-07          0.000146718
  9.077e-07          0.000146706
  9.078e-07          0.000146765
  9.079e-07          0.000146825
  9.08e-07          0.000146903
  9.081e-07          0.000146977
  9.082e-07          0.00014705
  9.083e-07          0.000147137
  9.084e-07          0.000147166
  9.085e-07          0.000147195
  9.086e-07          0.000147286
  9.087e-07          0.000147378
  9.088e-07          0.000147469
  9.089e-07          0.000147547
  9.09e-07          0.000147626
  9.091e-07          0.000147362
  9.092e-07          0.000147099
  9.093e-07          0.000146834
  9.094e-07          0.00014685
  9.095e-07          0.000146866
  9.096e-07          0.000146896
  9.097e-07          0.000146925
  9.098e-07          0.000147013
  9.099e-07          0.0001471
  9.1e-07          0.000147211
  9.101e-07          0.000147313
  9.102e-07          0.00014737
  9.103e-07          0.000147427
  9.104e-07          0.000147484
  9.105e-07          0.00014757
  9.106e-07          0.000147655
  9.107e-07          0.00014774
  9.108e-07          0.000147825
  9.109e-07          0.000147825
  9.11e-07          0.000147829
  9.111e-07          0.000147833
  9.112e-07          0.000147868
  9.113e-07          0.000147903
  9.114e-07          0.000147937
  9.115e-07          0.000147959
  9.116e-07          0.000148029
  9.117e-07          0.000148098
  9.118e-07          0.000148167
  9.119e-07          0.000148228
  9.12e-07          0.00014829
  9.121e-07          0.000148354
  9.122e-07          0.000148431
  9.123e-07          0.000148317
  9.124e-07          0.000148204
  9.125e-07          0.000148089
  9.126e-07          0.000148166
  9.127e-07          0.000148242
  9.128e-07          0.000148305
  9.129e-07          0.000148368
  9.13e-07          0.00014824
  9.131e-07          0.000148108
  9.132e-07          0.000147975
  9.133e-07          0.000147974
  9.134e-07          0.000147973
  9.135e-07          0.000147971
  9.136e-07          0.000147969
  9.137e-07          0.000148008
  9.138e-07          0.000148046
  9.139e-07          0.000148084
  9.14e-07          0.000148143
  9.141e-07          0.000148204
  9.142e-07          0.000148295
  9.143e-07          0.000148387
  9.144e-07          0.000148285
  9.145e-07          0.000148182
  9.146e-07          0.000148079
  9.147e-07          0.00014813
  9.148e-07          0.000148181
  9.149e-07          0.000148231
  9.15e-07          0.000148282
  9.151e-07          0.000148264
  9.152e-07          0.000148245
  9.153e-07          0.000148226
  9.154e-07          0.000148207
  9.155e-07          0.00014826
  9.156e-07          0.000148313
  9.157e-07          0.000148365
  9.158e-07          0.000148438
  9.159e-07          0.000148511
  9.16e-07          0.000148513
  9.161e-07          0.000148501
  9.162e-07          0.000148428
  9.163e-07          0.000148427
  9.164e-07          0.000148293
  9.165e-07          0.00014816
  9.166e-07          0.000148025
  9.167e-07          0.000147891
  9.168e-07          0.000147963
  9.169e-07          0.000148034
  9.17e-07          0.000148106
  9.171e-07          0.000148178
  9.172e-07          0.000148118
  9.173e-07          0.000148057
  9.174e-07          0.000147983
  9.175e-07          0.000147909
  9.176e-07          0.000147948
  9.177e-07          0.000147986
  9.178e-07          0.000148024
  9.179e-07          0.000148083
  9.18e-07          0.000148142
  9.181e-07          0.000148213
  9.182e-07          0.000148284
  9.183e-07          0.000148275
  9.184e-07          0.000148265
  9.185e-07          0.00014819
  9.186e-07          0.000148115
  9.187e-07          0.000148028
  9.188e-07          0.00014794
  9.189e-07          0.000147851
  9.19e-07          0.000147909
  9.191e-07          0.000147966
  9.192e-07          0.000148024
  9.193e-07          0.000148081
  9.194e-07          0.000148045
  9.195e-07          0.000148009
  9.196e-07          0.000147973
  9.197e-07          0.000148069
  9.198e-07          0.000148164
  9.199e-07          0.00014826
  9.2e-07          0.000148355
  9.201e-07          0.000148431
  9.202e-07          0.000148506
  9.203e-07          0.000148582
  9.204e-07          0.000148691
  9.205e-07          0.0001488
  9.206e-07          0.000148895
  9.207e-07          0.00014899
  9.208e-07          0.000148794
  9.209e-07          0.000148598
  9.21e-07          0.000148401
  9.211e-07          0.000148493
  9.212e-07          0.000148586
  9.213e-07          0.000148679
  9.214e-07          0.000148772
  9.215e-07          0.00014867
  9.216e-07          0.000148544
  9.217e-07          0.000148416
  9.218e-07          0.000148474
  9.219e-07          0.000148532
  9.22e-07          0.000148619
  9.221e-07          0.00014871
  9.222e-07          0.000148788
  9.223e-07          0.000148866
  9.224e-07          0.000148944
  9.225e-07          0.000149005
  9.226e-07          0.000149066
  9.227e-07          0.000149126
  9.228e-07          0.000149187
  9.229e-07          0.000149042
  9.23e-07          0.000148896
  9.231e-07          0.000148746
  9.232e-07          0.000148596
  9.233e-07          0.000148551
  9.234e-07          0.000148507
  9.235e-07          0.000148462
  9.236e-07          0.000148518
  9.237e-07          0.000148573
  9.238e-07          0.000148628
  9.239e-07          0.000148684
  9.24e-07          0.000148739
  9.241e-07          0.000148798
  9.242e-07          0.000148857
  9.243e-07          0.000148916
  9.244e-07          0.000148867
  9.245e-07          0.000148818
  9.246e-07          0.000148887
  9.247e-07          0.000148956
  9.248e-07          0.000149025
  9.249e-07          0.000149093
  9.25e-07          0.000148886
  9.251e-07          0.000148669
  9.252e-07          0.000148451
  9.253e-07          0.000148246
  9.254e-07          0.000148192
  9.255e-07          0.000148138
  9.256e-07          0.000148085
  9.257e-07          0.000148155
  9.258e-07          0.000148225
  9.259e-07          0.000148296
  9.26e-07          0.000148366
  9.261e-07          0.000148421
  9.262e-07          0.000148475
  9.263e-07          0.000148529
  9.264e-07          0.000148583
  9.265e-07          0.00014865
  9.266e-07          0.000148717
  9.267e-07          0.000148797
  9.268e-07          0.000148877
  9.269e-07          0.000148957
  9.27e-07          0.000149037
  9.271e-07          0.000148916
  9.272e-07          0.000148796
  9.273e-07          0.000148675
  9.274e-07          0.000148554
  9.275e-07          0.000148535
  9.276e-07          0.000148515
  9.277e-07          0.000148495
  9.278e-07          0.000148475
  9.279e-07          0.000148522
  9.28e-07          0.00014857
  9.281e-07          0.00014862
  9.282e-07          0.000148694
  9.283e-07          0.000148768
  9.284e-07          0.000148865
  9.285e-07          0.00014895
  9.286e-07          0.000148946
  9.287e-07          0.000148942
  9.288e-07          0.000149041
  9.289e-07          0.00014914
  9.29e-07          0.000149239
  9.291e-07          0.000149337
  9.292e-07          0.000149446
  9.293e-07          0.000149135
  9.294e-07          0.000148798
  9.295e-07          0.000148461
  9.296e-07          0.000148462
  9.297e-07          0.000148463
  9.298e-07          0.000148452
  9.299e-07          0.00014844
  9.3e-07          0.000148475
  9.301e-07          0.000148508
  9.302e-07          0.00014854
  9.303e-07          0.000148585
  9.304e-07          0.000148631
  9.305e-07          0.000148688
  9.306e-07          0.000148745
  9.307e-07          0.000148741
  9.308e-07          0.000148737
  9.309e-07          0.000148818
  9.31e-07          0.000148899
  9.311e-07          0.000148974
  9.312e-07          0.00014905
  9.313e-07          0.000149125
  9.314e-07          0.000148865
  9.315e-07          0.000148605
  9.316e-07          0.000148344
  9.317e-07          0.000148333
  9.318e-07          0.000148322
  9.319e-07          0.000148311
  9.32e-07          0.000148299
  9.321e-07          0.000148341
  9.322e-07          0.000148383
  9.323e-07          0.00014845
  9.324e-07          0.000148517
  9.325e-07          0.000148582
  9.326e-07          0.000148646
  9.327e-07          0.000148711
  9.328e-07          0.000148799
  9.329e-07          0.000148887
  9.33e-07          0.000148976
  9.331e-07          0.00014906
  9.332e-07          0.000149047
  9.333e-07          0.00014901
  9.334e-07          0.000148972
  9.335e-07          0.000148732
  9.336e-07          0.000148491
  9.337e-07          0.000148249
  9.338e-07          0.000148019
  9.339e-07          0.000147954
  9.34e-07          0.000147888
  9.341e-07          0.000147817
  9.342e-07          0.000147856
  9.343e-07          0.000147894
  9.344e-07          0.000147921
  9.345e-07          0.000147972
  9.346e-07          0.000148023
  9.347e-07          0.000148074
  9.348e-07          0.000148125
  9.349e-07          0.000148176
  9.35e-07          0.000148226
  9.351e-07          0.000148294
  9.352e-07          0.000148361
  9.353e-07          0.000148389
  9.354e-07          0.000148417
  9.355e-07          0.000148444
  9.356e-07          0.00014829
  9.357e-07          0.000148123
  9.358e-07          0.000147956
  9.359e-07          0.000147789
  9.36e-07          0.000147758
  9.361e-07          0.000147724
  9.362e-07          0.000147715
  9.363e-07          0.000147706
  9.364e-07          0.000147698
  9.365e-07          0.000147689
  9.366e-07          0.000147799
  9.367e-07          0.000147909
  9.368e-07          0.000148019
  9.369e-07          0.000148129
  9.37e-07          0.000148228
  9.371e-07          0.000148281
  9.372e-07          0.000148338
  9.373e-07          0.000148394
  9.374e-07          0.000148464
  9.375e-07          0.000148535
  9.376e-07          0.000148605
  9.377e-07          0.000148686
  9.378e-07          0.000148438
  9.379e-07          0.000148189
  9.38e-07          0.000147938
  9.381e-07          0.000148002
  9.382e-07          0.000148065
  9.383e-07          0.000148128
  9.384e-07          0.000148191
  9.385e-07          0.000147875
  9.386e-07          0.000147558
  9.387e-07          0.000147627
  9.388e-07          0.000147696
  9.389e-07          0.000147753
  9.39e-07          0.000147811
  9.391e-07          0.000147868
  9.392e-07          0.000147893
  9.393e-07          0.000147919
  9.394e-07          0.000147944
  9.395e-07          0.000147983
  9.396e-07          0.000147951
  9.397e-07          0.000147919
  9.398e-07          0.000147887
  9.399e-07          0.000147605
  9.4e-07          0.000147323
  9.401e-07          0.000147032
  9.402e-07          0.000147074
  9.403e-07          0.000147141
  9.404e-07          0.000147209
  9.405e-07          0.000147276
  9.406e-07          0.000147255
  9.407e-07          0.000147234
  9.408e-07          0.000147178
  9.409e-07          0.000147122
  9.41e-07          0.000146922
  9.411e-07          0.00014672
  9.412e-07          0.000146519
  9.413e-07          0.000146461
  9.414e-07          0.000146403
  9.415e-07          0.000146345
  9.416e-07          0.000146294
  9.417e-07          0.000146307
  9.418e-07          0.000146319
  9.419e-07          0.000146332
  9.42e-07          0.000146377
  9.421e-07          0.00014642
  9.422e-07          0.000146464
  9.423e-07          0.000146518
  9.424e-07          0.000146572
  9.425e-07          0.000146608
  9.426e-07          0.000146644
  9.427e-07          0.000146602
  9.428e-07          0.000146559
  9.429e-07          0.000146553
  9.43e-07          0.000146547
  9.431e-07          0.000146396
  9.432e-07          0.000146244
  9.433e-07          0.000146092
  9.434e-07          0.000146165
  9.435e-07          0.000146238
  9.436e-07          0.000146322
  9.437e-07          0.000146406
  9.438e-07          0.000146263
  9.439e-07          0.000146071
  9.44e-07          0.000145879
  9.441e-07          0.000145927
  9.442e-07          0.000145975
  9.443e-07          0.000146023
  9.444e-07          0.00014607
  9.445e-07          0.000146076
  9.446e-07          0.000146082
  9.447e-07          0.000146087
  9.448e-07          0.000146123
  9.449e-07          0.00014616
  9.45e-07          0.000146196
  9.451e-07          0.00014623
  9.452e-07          0.00014601
  9.453e-07          0.000145791
  9.454e-07          0.00014557
  9.455e-07          0.00014535
  9.456e-07          0.000145356
  9.457e-07          0.000145362
  9.458e-07          0.000145367
  9.459e-07          0.000145319
  9.46e-07          0.00014527
  9.461e-07          0.000145224
  9.462e-07          0.000145203
  9.463e-07          0.000145004
  9.464e-07          0.000144804
  9.465e-07          0.000144604
  9.466e-07          0.000144527
  9.467e-07          0.000144417
  9.468e-07          0.000144306
  9.469e-07          0.000144345
  9.47e-07          0.000144383
  9.471e-07          0.000144419
  9.472e-07          0.000144385
  9.473e-07          0.000144361
  9.474e-07          0.000144338
  9.475e-07          0.000144404
  9.476e-07          0.000144469
  9.477e-07          0.000144492
  9.478e-07          0.000144488
  9.479e-07          0.000144485
  9.48e-07          0.000144454
  9.481e-07          0.000144416
  9.482e-07          0.000144377
  9.483e-07          0.000144339
  9.484e-07          0.000143934
  9.485e-07          0.000143529
  9.486e-07          0.00014356
  9.487e-07          0.000143592
  9.488e-07          0.000143633
  9.489e-07          0.000143674
  9.49e-07          0.000143656
  9.491e-07          0.000143634
  9.492e-07          0.000143612
  9.493e-07          0.000143589
  9.494e-07          0.000143557
  9.495e-07          0.000143333
  9.496e-07          0.000143109
  9.497e-07          0.000142885
  9.498e-07          0.000142898
  9.499e-07          0.000142912
  9.5e-07          0.000142926
  9.501e-07          0.000142946
  9.502e-07          0.000142727
  9.503e-07          0.000142507
  9.504e-07          0.000142287
  9.505e-07          0.000142222
  9.506e-07          0.000142157
  9.507e-07          0.000142129
  9.508e-07          0.0001421
  9.509e-07          0.000142083
  9.51e-07          0.000142066
  9.511e-07          0.000142145
  9.512e-07          0.000142224
  9.513e-07          0.000142302
  9.514e-07          0.000142381
  9.515e-07          0.00014246
  9.516e-07          0.00014225
  9.517e-07          0.000141994
  9.518e-07          0.000141737
  9.519e-07          0.00014175
  9.52e-07          0.000141764
  9.521e-07          0.000141794
  9.522e-07          0.000141823
  9.523e-07          0.00014171
  9.524e-07          0.000141597
  9.525e-07          0.000141483
  9.526e-07          0.000141316
  9.527e-07          0.000141139
  9.528e-07          0.000140961
  9.529e-07          0.000140783
  9.53e-07          0.000140788
  9.531e-07          0.000140788
  9.532e-07          0.000140789
  9.533e-07          0.000140634
  9.534e-07          0.000140489
  9.535e-07          0.000140344
  9.536e-07          0.000140268
  9.537e-07          0.000140117
  9.538e-07          0.000139966
  9.539e-07          0.000139814
  9.54e-07          0.000139653
  9.541e-07          0.000139639
  9.542e-07          0.000139625
  9.543e-07          0.000139611
  9.544e-07          0.000139465
  9.545e-07          0.000139319
  9.546e-07          0.000139172
  9.547e-07          0.00013901
  9.548e-07          0.000138848
  9.549e-07          0.000138685
  9.55e-07          0.000138522
  9.551e-07          0.000138542
  9.552e-07          0.000138561
  9.553e-07          0.000138571
  9.554e-07          0.000138581
  9.555e-07          0.000138446
  9.556e-07          0.000138333
  9.557e-07          0.000138219
  9.558e-07          0.000138064
  9.559e-07          0.000137908
  9.56e-07          0.000137761
  9.561e-07          0.000137615
  9.562e-07          0.000137627
  9.563e-07          0.000137639
  9.564e-07          0.000137651
  9.565e-07          0.000137545
  9.566e-07          0.000137431
  9.567e-07          0.000137316
  9.568e-07          0.000137159
  9.569e-07          0.000137002
  9.57e-07          0.000136844
  9.571e-07          0.000136688
  9.572e-07          0.000136722
  9.573e-07          0.000136765
  9.574e-07          0.000136808
  9.575e-07          0.000136827
  9.576e-07          0.000136681
  9.577e-07          0.000136534
  9.578e-07          0.000136387
  9.579e-07          0.000136218
  9.58e-07          0.000136057
  9.581e-07          0.000135893
  9.582e-07          0.000135727
  9.583e-07          0.000135718
  9.584e-07          0.000135709
  9.585e-07          0.000135722
  9.586e-07          0.000135735
  9.587e-07          0.000135492
  9.588e-07          0.000135248
  9.589e-07          0.000135038
  9.59e-07          0.000134827
  9.591e-07          0.000134719
  9.592e-07          0.00013461
  9.593e-07          0.000134511
  9.594e-07          0.000134517
  9.595e-07          0.000134501
  9.596e-07          0.000134485
  9.597e-07          0.000134409
  9.598e-07          0.000134332
  9.599e-07          0.000134246
  9.6e-07          0.00013416
  9.601e-07          0.000133852
  9.602e-07          0.000133543
  9.603e-07          0.000133234
  9.604e-07          0.000133244
  9.605e-07          0.000133253
  9.606e-07          0.000133272
  9.607e-07          0.000133291
  9.608e-07          0.000132998
  9.609e-07          0.000132704
  9.61e-07          0.000132425
  9.611e-07          0.000132149
  9.612e-07          0.000131862
  9.613e-07          0.000131575
  9.614e-07          0.000131288
  9.615e-07          0.000131132
  9.616e-07          0.000130976
  9.617e-07          0.00013082
  9.618e-07          0.000130817
  9.619e-07          0.000130835
  9.62e-07          0.000130854
  9.621e-07          0.000130868
  9.622e-07          0.000130778
  9.623e-07          0.000130687
  9.624e-07          0.000130629
  9.625e-07          0.000130571
  9.626e-07          0.000130569
  9.627e-07          0.000130568
  9.628e-07          0.000130566
  9.629e-07          0.000130533
  9.63e-07          0.0001305
  9.631e-07          0.000130462
  9.632e-07          0.000130425
  9.633e-07          0.000130123
  9.634e-07          0.000129822
  9.635e-07          0.000129519
  9.636e-07          0.000129514
  9.637e-07          0.000129508
  9.638e-07          0.000129503
  9.639e-07          0.000129497
  9.64e-07          0.000129318
  9.641e-07          0.000129133
  9.642e-07          0.000128948
  9.643e-07          0.000128749
  9.644e-07          0.000128549
  9.645e-07          0.00012837
  9.646e-07          0.000128191
  9.647e-07          0.00012815
  9.648e-07          0.000128108
  9.649e-07          0.000128067
  9.65e-07          0.000127939
  9.651e-07          0.000127819
  9.652e-07          0.000127698
  9.653e-07          0.000127577
  9.654e-07          0.000127281
  9.655e-07          0.000126984
  9.656e-07          0.000126687
  9.657e-07          0.000126672
  9.658e-07          0.000126673
  9.659e-07          0.000126673
  9.66e-07          0.000126674
  9.661e-07          0.000126511
  9.662e-07          0.00012637
  9.663e-07          0.000126229
  9.664e-07          0.000125843
  9.665e-07          0.000125457
  9.666e-07          0.00012507
  9.667e-07          0.000124682
  9.668e-07          0.000124512
  9.669e-07          0.000124341
  9.67e-07          0.000124169
  9.671e-07          0.000124164
  9.672e-07          0.000124159
  9.673e-07          0.000124153
  9.674e-07          0.000124148
  9.675e-07          0.000123936
  9.676e-07          0.000123725
  9.677e-07          0.000123505
  9.678e-07          0.000123284
  9.679e-07          0.000123237
  9.68e-07          0.00012319
  9.681e-07          0.000123143
  9.682e-07          0.000123051
  9.683e-07          0.000122959
  9.684e-07          0.000122875
  9.685e-07          0.000122791
  9.686e-07          0.000122292
  9.687e-07          0.000121792
  9.688e-07          0.000121803
  9.689e-07          0.000121814
  9.69e-07          0.000121816
  9.691e-07          0.000121819
  9.692e-07          0.000121712
  9.693e-07          0.000121605
  9.694e-07          0.000121409
  9.695e-07          0.000121212
  9.696e-07          0.000121021
  9.697e-07          0.00012083
  9.698e-07          0.000120639
  9.699e-07          0.000120447
  9.7e-07          0.000120417
  9.701e-07          0.000120366
  9.702e-07          0.000120316
  9.703e-07          0.000120185
  9.704e-07          0.000120073
  9.705e-07          0.000119961
  9.706e-07          0.000119848
  9.707e-07          0.000119357
  9.708e-07          0.000118864
  9.709e-07          0.000118847
  9.71e-07          0.000118829
  9.711e-07          0.000118809
  9.712e-07          0.000118788
  9.713e-07          0.000118768
  9.714e-07          0.000118443
  9.715e-07          0.000118118
  9.716e-07          0.000117792
  9.717e-07          0.00011748
  9.718e-07          0.00011728
  9.719e-07          0.000117079
  9.72e-07          0.000116878
  9.721e-07          0.000116885
  9.722e-07          0.000116891
  9.723e-07          0.00011689
  9.724e-07          0.000116888
  9.725e-07          0.000116702
  9.726e-07          0.000116515
  9.727e-07          0.000116328
  9.728e-07          0.000116126
  9.729e-07          0.000115924
  9.73e-07          0.000115708
  9.731e-07          0.000115489
  9.732e-07          0.000115436
  9.733e-07          0.000115383
  9.734e-07          0.00011533
  9.735e-07          0.000115196
  9.736e-07          0.000112776
  9.737e-07          0.000110362
  9.738e-07          0.000107956
  9.739e-07          0.000105385
  9.74e-07          0.000102847
  9.741e-07          0.000100324
  9.742e-07          9.80623e-05
  9.743e-07          9.5436e-05
  9.744e-07          9.28124e-05
  9.745e-07          9.01918e-05
  9.746e-07          8.74556e-05
  9.747e-07          8.4729e-05
  9.748e-07          8.20122e-05
  9.749e-07          8.18365e-05
  9.75e-07          8.16604e-05
  9.751e-07          8.14818e-05
  9.752e-07          8.1303e-05
  9.753e-07          8.12814e-05
  9.754e-07          8.12598e-05
  9.755e-07          8.11984e-05
  9.756e-07          6.9518e-05
  9.757e-07          5.77771e-05
  9.758e-07          4.61207e-05
  9.759e-07          3.45201e-05
  9.76e-07          2.29563e-05
  9.761e-07          1.145e-05
  9.762e-07          0
