#####################################################################
#  MagAO-X Filter Curve
#
# magaox_sci1-halpha-cont_bs-halpha-ir_scibs-halpha.dat
#
# Science H-alpha Continuum bandpass with H-alpha/IR B/S, without atmosphere
#
# Characteristics:
#    lambda_0:  6.68052e-07 [central wavelength, in m]
#    w_eff:     8.62173e-09 [effective width, in m]
#    FWHM:      8.50373e-09 [full-width at half max., in m]
#    Trans_max: 0.218202 [maximum transmission]
#
# Vega Zero Point Flux Densities (calculated):
#    f_lambda_0: 0.0197919 [W/m^3 above atm]
#    f_nu_0:     2946.18 [Jy above atm]
#    f_phot_0:   6.65584e+16 [photons/s/m^3 above atm]
#
# Vega Zero Point Fluxes (calculated):
#    F_W_0: 5.18615e-09 [W at telescope aperture]
#    F_phot_0:   3.80558e+09 [photons/s at detector]
#
#####################################################################
# lambda [m]             transmission
#-------------------------------------------------
  6.515e-07          0
  6.516e-07          1.81635e-09
  6.517e-07          2.0555e-09
  6.518e-07          2.23115e-09
  6.519e-07          2.37389e-09
  6.52e-07          2.47292e-09
  6.521e-07          2.48971e-09
  6.522e-07          2.46368e-09
  6.523e-07          2.46314e-09
  6.524e-07          2.46236e-09
  6.525e-07          2.53268e-09
  6.526e-07          2.60174e-09
  6.527e-07          2.72771e-09
  6.528e-07          2.85215e-09
  6.529e-07          3.05373e-09
  6.53e-07          3.18033e-09
  6.531e-07          3.29025e-09
  6.532e-07          3.42687e-09
  6.533e-07          3.52013e-09
  6.534e-07          3.64131e-09
  6.535e-07          3.79183e-09
  6.536e-07          3.8677e-09
  6.537e-07          3.94521e-09
  6.538e-07          4.0476e-09
  6.539e-07          4.15266e-09
  6.54e-07          4.29356e-09
  6.541e-07          4.43909e-09
  6.542e-07          4.62173e-09
  6.543e-07          4.92718e-09
  6.544e-07          5.07912e-09
  6.545e-07          5.22796e-09
  6.546e-07          5.34231e-09
  6.547e-07          5.45482e-09
  6.548e-07          5.67574e-09
  6.549e-07          5.82456e-09
  6.55e-07          6.10329e-09
  6.551e-07          6.39211e-09
  6.552e-07          6.55929e-09
  6.553e-07          6.87132e-09
  6.554e-07          7.19576e-09
  6.555e-07          7.5368e-09
  6.556e-07          7.83511e-09
  6.557e-07          8.14731e-09
  6.558e-07          8.64657e-09
  6.559e-07          8.9888e-09
  6.56e-07          9.34699e-09
  6.561e-07          9.98855e-09
  6.562e-07          1.39144e-08
  6.563e-07          3.4985e-08
  6.564e-07          5.82805e-08
  6.565e-07          6.99927e-08
  6.566e-07          8.26501e-08
  6.567e-07          8.67014e-08
  6.568e-07          9.07422e-08
  6.569e-07          9.57033e-08
  6.57e-07          1.01675e-07
  6.571e-07          1.10239e-07
  6.572e-07          1.17059e-07
  6.573e-07          1.77244e-07
  6.574e-07          1.8825e-07
  6.575e-07          2.46613e-07
  6.576e-07          2.85789e-07
  6.577e-07          3.76316e-07
  6.578e-07          4.0569e-07
  6.579e-07          4.43245e-07
  6.58e-07          4.74367e-07
  6.581e-07          5.11371e-07
  6.582e-07          5.5098e-07
  6.583e-07          7.11859e-07
  6.584e-07          8.45283e-07
  6.585e-07          9.90056e-07
  6.586e-07          1.12076e-06
  6.587e-07          1.25947e-06
  6.588e-07          1.41001e-06
  6.589e-07          1.77313e-06
  6.59e-07          2.04256e-06
  6.591e-07          2.5601e-06
  6.592e-07          3.17129e-06
  6.593e-07          3.8764e-06
  6.594e-07          4.81574e-06
  6.595e-07          5.84594e-06
  6.596e-07          6.91614e-06
  6.597e-07          8.61328e-06
  6.598e-07          9.99086e-06
  6.599e-07          1.24893e-05
  6.6e-07          1.49715e-05
  6.601e-07          1.87007e-05
  6.602e-07          2.83681e-05
  6.603e-07          3.65937e-05
  6.604e-07          4.5859e-05
  6.605e-07          5.82765e-05
  6.606e-07          7.21146e-05
  6.607e-07          8.49122e-05
  6.608e-07          9.86833e-05
  6.609e-07          0.000119261
  6.61e-07          0.000151515
  6.611e-07          0.00020562
  6.612e-07          0.00029131
  6.613e-07          0.000387985
  6.614e-07          0.000504058
  6.615e-07          0.000677114
  6.616e-07          0.000853843
  6.617e-07          0.00107239
  6.618e-07          0.0013326
  6.619e-07          0.00164317
  6.62e-07          0.00221956
  6.621e-07          0.00296355
  6.622e-07          0.00376544
  6.623e-07          0.00567861
  6.624e-07          0.00750267
  6.625e-07          0.00955195
  6.626e-07          0.0123109
  6.627e-07          0.0153687
  6.628e-07          0.0186395
  6.629e-07          0.0221561
  6.63e-07          0.028554
  6.631e-07          0.0343884
  6.632e-07          0.0412662
  6.633e-07          0.0488174
  6.634e-07          0.0580838
  6.635e-07          0.0718918
  6.636e-07          0.0835649
  6.637e-07          0.0958598
  6.638e-07          0.1148
  6.639e-07          0.131709
  6.64e-07          0.145706
  6.641e-07          0.157169
  6.642e-07          0.166017
  6.643e-07          0.179
  6.644e-07          0.194379
  6.645e-07          0.200051
  6.646e-07          0.20572
  6.647e-07          0.208314
  6.648e-07          0.210907
  6.649e-07          0.215235
  6.65e-07          0.218202
  6.651e-07          0.218168
  6.652e-07          0.218134
  6.653e-07          0.2181
  6.654e-07          0.218066
  6.655e-07          0.217847
  6.656e-07          0.217745
  6.657e-07          0.217695
  6.658e-07          0.217661
  6.659e-07          0.217573
  6.66e-07          0.217486
  6.661e-07          0.217402
  6.662e-07          0.217332
  6.663e-07          0.217261
  6.664e-07          0.217202
  6.665e-07          0.217143
  6.666e-07          0.217112
  6.667e-07          0.217082
  6.668e-07          0.217051
  6.669e-07          0.217021
  6.67e-07          0.21699
  6.671e-07          0.216968
  6.672e-07          0.216946
  6.673e-07          0.216923
  6.674e-07          0.216901
  6.675e-07          0.216879
  6.676e-07          0.216857
  6.677e-07          0.216834
  6.678e-07          0.216812
  6.679e-07          0.216767
  6.68e-07          0.216767
  6.681e-07          0.216745
  6.682e-07          0.216722
  6.683e-07          0.216653
  6.684e-07          0.216585
  6.685e-07          0.216516
  6.686e-07          0.216448
  6.687e-07          0.216371
  6.688e-07          0.216295
  6.689e-07          0.216111
  6.69e-07          0.216088
  6.691e-07          0.216061
  6.692e-07          0.216034
  6.693e-07          0.216006
  6.694e-07          0.215979
  6.695e-07          0.215974
  6.696e-07          0.215947
  6.697e-07          0.21592
  6.698e-07          0.215893
  6.699e-07          0.215883
  6.7e-07          0.215874
  6.701e-07          0.215777
  6.702e-07          0.215664
  6.703e-07          0.215797
  6.704e-07          0.215707
  6.705e-07          0.215617
  6.706e-07          0.215578
  6.707e-07          0.215538
  6.708e-07          0.215544
  6.709e-07          0.21555
  6.71e-07          0.2155
  6.711e-07          0.215442
  6.712e-07          0.212403
  6.713e-07          0.208502
  6.714e-07          0.206338
  6.715e-07          0.203356
  6.716e-07          0.195137
  6.717e-07          0.181873
  6.718e-07          0.169722
  6.719e-07          0.160537
  6.72e-07          0.14973
  6.721e-07          0.132276
  6.722e-07          0.118229
  6.723e-07          0.105833
  6.724e-07          0.0867013
  6.725e-07          0.0762259
  6.726e-07          0.0657734
  6.727e-07          0.0584417
  6.728e-07          0.0511242
  6.729e-07          0.0418399
  6.73e-07          0.0358645
  6.731e-07          0.0308433
  6.732e-07          0.0264639
  6.733e-07          0.0229089
  6.734e-07          0.0187703
  6.735e-07          0.016216
  6.736e-07          0.0141436
  6.737e-07          0.0117352
  6.738e-07          0.0102261
  6.739e-07          0.00897401
  6.74e-07          0.00781541
  6.741e-07          0.00680691
  6.742e-07          0.00572385
  6.743e-07          0.0045857
  6.744e-07          0.00407431
  6.745e-07          0.00356475
  6.746e-07          0.00318701
  6.747e-07          0.00281066
  6.748e-07          0.00257657
  6.749e-07          0.00234313
  6.75e-07          0.00199053
  6.751e-07          0.00174909
  6.752e-07          0.001549
  6.753e-07          0.00129859
  6.754e-07          0.00117148
  6.755e-07          0.00101861
  6.756e-07          0.000901436
  6.757e-07          0.000804173
  6.758e-07          0.000692756
  6.759e-07          0.000617253
  6.76e-07          0.00055354
  6.761e-07          0.000494426
  6.762e-07          0.000438654
  6.763e-07          0.000378219
  6.764e-07          0.000313896
  6.765e-07          0.00028176
  6.766e-07          0.000250648
  6.767e-07          0.000225821
  6.768e-07          0.000201765
  6.769e-07          0.000185564
  6.77e-07          0.000169735
  6.771e-07          0.000148779
  6.772e-07          0.000134135
  6.773e-07          0.000121864
  6.774e-07          0.000108284
  6.775e-07          9.81956e-05
  6.776e-07          8.84619e-05
  6.777e-07          8.01802e-05
  6.778e-07          7.32694e-05
  6.779e-07          6.51244e-05
  6.78e-07          5.91076e-05
  6.781e-07          5.42585e-05
  6.782e-07          5.02228e-05
  6.783e-07          4.62787e-05
  6.784e-07          4.14281e-05
  6.785e-07          3.6337e-05
  6.786e-07          3.35498e-05
  6.787e-07          3.08125e-05
  6.788e-07          2.88101e-05
  6.789e-07          2.68327e-05
  6.79e-07          2.49088e-05
  6.791e-07          2.32923e-05
  6.792e-07          2.13273e-05
  6.793e-07          1.99266e-05
  6.794e-07          1.8643e-05
  6.795e-07          1.71967e-05
  6.796e-07          1.6178e-05
  6.797e-07          1.51259e-05
  6.798e-07          1.4227e-05
  6.799e-07          1.35453e-05
  6.8e-07          1.25163e-05
  6.801e-07          1.17098e-05
  6.802e-07          1.1037e-05
  6.803e-07          1.03135e-05
  6.804e-07          9.36532e-06
  6.805e-07          8.80565e-06
  6.806e-07          8.25082e-06
  6.807e-07          7.80792e-06
  6.808e-07          7.36903e-06
  6.809e-07          7.06842e-06
  6.81e-07          6.77015e-06
  6.811e-07          6.5085e-06
  6.812e-07          6.2566e-06
  6.813e-07          5.92791e-06
  6.814e-07          5.65115e-06
  6.815e-07          5.38997e-06
  6.816e-07          5.14097e-06
  6.817e-07          4.87671e-06
  6.818e-07          4.55508e-06
  6.819e-07          4.34671e-06
  6.82e-07          4.17658e-06
  6.821e-07          4.01124e-06
  6.822e-07          3.90994e-06
  6.823e-07          3.80558e-06
  6.824e-07          3.70668e-06
  6.825e-07          3.43761e-06
  6.826e-07          3.22984e-06
  6.827e-07          3.02416e-06
  6.828e-07          2.88229e-06
  6.829e-07          2.74149e-06
  6.83e-07          2.59891e-06
  6.831e-07          2.48759e-06
  6.832e-07          2.38061e-06
  6.833e-07          2.29426e-06
  6.834e-07          2.21224e-06
  6.835e-07          2.16138e-06
  6.836e-07          2.12716e-06
  6.837e-07          2.12107e-06
  6.838e-07          2.11526e-06
  6.839e-07          2.10906e-06
  6.84e-07          2.10446e-06
  6.841e-07          2.05555e-06
  6.842e-07          1.87468e-06
  6.843e-07          1.74625e-06
  6.844e-07          1.67622e-06
  6.845e-07          1.65027e-06
  6.846e-07          1.62399e-06
  6.847e-07          1.62891e-06
  6.848e-07          1.6338e-06
  6.849e-07          1.63228e-06
  6.85e-07          1.63069e-06
  6.851e-07          1.6519e-06
  6.852e-07          1.68001e-06
  6.853e-07          0
